2.655295010717271253e-01
1.505770067421030589e-01
2.247647721278189792e-01
1.970790763188867700e-01
2.733124308953218673e-01
1.445109195212488373e-01
1.842071565964991109e-01
2.494267739798212702e-01
2.310107375675167773e-01
2.455444070377952315e-01
2.182343282902854398e-01
1.952512203941765279e-01
2.631433335509196780e-01
2.645207365656094822e-01
2.688142400903492657e-01
9.149267984534414921e-02
2.555120367975360907e-01
2.532094136297553533e-01
2.467364865738401747e-01
2.287611832291167602e-01
1.439601440660123188e-01
2.694633372208459221e-01
2.178251768995034254e-01
7.966154047812512573e-02
1.374650272250343974e-01
2.325278763968121609e-01
2.306237247546505387e-01
2.634588503589352371e-01
1.567500525762719477e-01
2.684433766858562720e-01
1.506679099681891287e-01
1.427451230581313624e-01
2.576222915290102833e-01
2.551720185559389620e-01
2.643019484505151340e-01
2.528883408005029310e-01
2.661661917706448222e-01
2.682475229971759134e-01
2.057169414862203283e-01
1.906293444136437643e-01
2.715442066581426062e-01
1.768219953063185912e-01
1.943961183260096703e-01
1.208035975405969964e-01
2.536972050474810558e-01
1.842071565964991109e-01
2.380517814812002086e-01
2.599758746987168578e-01
2.652817992331915065e-01
1.524030234823259278e-01
1.573570739469607460e-01
2.605027205801206946e-01
2.144671133460587242e-01
2.467364865738401747e-01
2.144671133460587242e-01
1.549151092991269962e-01
2.529899248786779964e-01
2.167920321614369428e-01
2.694748605751877690e-01
1.237927359468224964e-01
2.523485444422064461e-01
1.815028388106574297e-01
2.318494156780266380e-01
2.437374934387577241e-01
2.414643910397868964e-01
2.760784474086355189e-01
2.452986199886861840e-01
1.923046490813415943e-01
2.694366022174241593e-01
2.695106477064932449e-01
1.945057863952959210e-01
1.924933169307205816e-01
1.416387502267584253e-01
2.677631694403901363e-01
2.508293256860634202e-01
2.287895990615229636e-01
2.280111299496656585e-01
1.383189081707945078e-01
2.689439252365097843e-01
2.513628261073703740e-01
1.480921191571189510e-01
2.394775034009359871e-01
2.113305999596200024e-01
2.751870792761579310e-01
2.774088015921911676e-01
1.524030234823259278e-01
1.920697773953730092e-01
2.715168033459063324e-01
1.580363414886685192e-01
1.746390692671662137e-01
2.717542707747480080e-01
2.477258160925472907e-01
2.727695443619602145e-01
1.795980832050592113e-01
2.546522542730071947e-01
2.412982681703326193e-01
2.558629752849705952e-01
1.883793992618771895e-01
2.677631694403901363e-01
2.736778519934812692e-01
2.635229971230979018e-01
2.305477376345885787e-01
2.287690249419238597e-01
2.182343282902854398e-01
2.757401686457834344e-01
2.434331212492661933e-01
2.295704412155954444e-01
1.611830115209622605e-01
2.536207203200122606e-01
1.700287995357276927e-01
1.478215873473036623e-01
2.511775827601789857e-01
2.536668263139469914e-01
2.282553878213882115e-01
2.608166186372384843e-01
1.682029095729777879e-01
1.816975346141260772e-01
2.387233009782461224e-01
1.636635251667293289e-01
2.520088578889909670e-01
1.500963293824320033e-01
1.467202368359776798e-01
2.652418021917206659e-01
2.628563037498281574e-01
2.564006196472341514e-01
2.387590944197297560e-01
2.583902950237426666e-01
1.421440682338950268e-01
2.395042487501699568e-01
2.001115332852450024e-01
2.691202530215432986e-01
2.559867048223756214e-01
2.089928898769599641e-01
2.608358653942284278e-01
9.275263402059863438e-02
2.635718154373680733e-01
2.120673462564353073e-01
2.643052992471286444e-01
2.674221344662326416e-01
2.636848766494139795e-01
2.613651116181685552e-01
2.699484682532471425e-01
1.199486403597562756e-01
1.920472595103825952e-01
1.431727444170904917e-01
2.223529159481500983e-01
2.658373934538715844e-01
2.497350190831371108e-01
2.554218608539065016e-01
1.551185010757549776e-01
2.345789152714941039e-01
2.276890820888892719e-01
1.746001788215147954e-01
2.070411309976547543e-01
2.537399747650699311e-01
1.459985454008165817e-01
2.645350072134524666e-01
2.014391502821668567e-01
9.414002632158346984e-02
2.628921207088845691e-01
1.735457648731353331e-01
1.765113043955404137e-01
2.469944410580620087e-01
1.388340947104653722e-01
2.538626807209247715e-01
1.965728507891011390e-01
2.287611832291167602e-01
2.760576477412328700e-01
2.752065879770224655e-01
2.286949065366332690e-01
1.991381665941567292e-01
2.332905351429763741e-01
2.254555039782299986e-01
2.673193155311492930e-01
1.845441421858007303e-01
1.114022586094343126e-01
2.639043962185017023e-01
2.281401958096509475e-01
2.473577095581562801e-01
2.325551570681128055e-01
2.565497661276312513e-01
1.517153185664588122e-01
2.755720090751827556e-01
2.585339903706405096e-01
2.614789007351383532e-01
1.727149105841165877e-01
2.428249055113216315e-01
1.361955646029633371e-01
2.727309515100788673e-01
2.475614698222967647e-01
2.773661051638791619e-01
2.375441724476363703e-01
1.453962418142769053e-01
2.287611832291167602e-01
2.412009539349151410e-01
2.116653733095628098e-01
1.360920912904477476e-01
2.055829973368483721e-01
2.189235518168688444e-01
1.537804264970166201e-01
1.323058517059720884e-01
1.293459067184494771e-01
2.191997412725932293e-01
1.388340947104653722e-01
1.316810050081267391e-01
2.773661051638791619e-01
2.654669334746211362e-01
2.554737316702420102e-01
2.511555508419691662e-01
2.307712502274190669e-01
2.618489062464481876e-01
2.183183205877421429e-01
2.649089029927802486e-01
2.393421588857869153e-01
9.854273448789463430e-02
2.043224032943360413e-01
1.740381629782001838e-01
2.118938234224696515e-01
7.747309117276834911e-02
1.666695703929397254e-01
1.445287117854103798e-01
2.544542312921080907e-01
1.713831556435545522e-01
2.396230530654479551e-01
1.618511216870768266e-01
2.422821561800319046e-01
2.498863886376749832e-01
2.597423912930283407e-01
2.815172348136645297e-01
1.509602667602196746e-01
2.353273766931556210e-01
2.020830758105942593e-01
2.757401686457834344e-01
2.180502857783919168e-01
2.284251802894585737e-01
2.003964798162352068e-01
1.920893822040117271e-01
2.330146850009739978e-01
2.594789946424569393e-01
2.428112247017768510e-01
2.672638966902312063e-01
2.736130512678673909e-01
1.862858180836788335e-01
1.250871705185838678e-01
2.015475253693557178e-01
1.971093937032328824e-01
2.182343282902854398e-01
2.683696502669219441e-01
2.144237439331497797e-01
1.995867658407410872e-01
1.931425316760790878e-01
2.690917339359115701e-01
2.678831031224033765e-01
2.763115027190883310e-01
2.271103534061547080e-01
1.179193421816737697e-01
2.586509439425777046e-01
2.605027205801206946e-01
2.706331585863690492e-01
1.780893671819221424e-01
2.460616101921893062e-01
2.144671133460587242e-01
2.527013452780506597e-01
2.182343282902854398e-01
2.616618741742291476e-01
1.932359051547924977e-01
2.065472638915686332e-01
1.708242772081494110e-01
1.183524704343987821e-01
1.942289003532398084e-01
2.420049739043461656e-01
1.859950308298019550e-01
2.635873230447680626e-01
2.543526493337253669e-01
2.426734157741883280e-01
1.993651732369121632e-01
2.398193603772371674e-01
1.755929353213439015e-01
2.688534968557609872e-01
2.672755472384578113e-01
2.745249483136147362e-01
2.583826158160897890e-01
2.465852896672791061e-01
1.520453129828798211e-01
2.055214607592086296e-01
2.678020395192737269e-01
2.506429060950852161e-01
2.128671217124429305e-01
2.181428030262679840e-01
2.417863804241893178e-01
1.688398771478620830e-01
1.887706194827716288e-01
2.074502823884358804e-01
2.329499326506603296e-01
2.750439400084685460e-01
1.977238562230789753e-01
1.524030234823259278e-01
2.134909331910410657e-01
2.665547244775030578e-01
2.594789946424569393e-01
8.786220231152430671e-02
2.532745122520791980e-01
2.118286468989758475e-01
2.597809240854340729e-01
1.433040446531732570e-01
1.488612300502332175e-01
2.411959368071494580e-01
2.409047547274711931e-01
2.589318381222378562e-01
2.118495146484740133e-01
1.550814029782872083e-01
2.585958351825787815e-01
2.682475229971759134e-01
2.427864721982562202e-01
1.575091914025783524e-01
2.615759012969629538e-01
2.360424008930781525e-01
1.342826092406950167e-01
2.005723349367078967e-01
2.086561054935112125e-01
2.681204915148720502e-01
2.515697584497837980e-01
2.727563228734881662e-01
2.762342062080405114e-01
2.281442861097984220e-01
1.427375982294103451e-01
2.682475229971759134e-01
2.762609795502184440e-01
2.547912497568756152e-01
8.166930105994030242e-02
2.709947890377355506e-01
2.639663480530956008e-01
2.476257980373235412e-01
2.515106731627447800e-01
1.276245880539299549e-01
2.025463414959984831e-01
2.235501400158357299e-01
1.258154044356505352e-01
2.207461073988739031e-01
2.287895990615229636e-01
2.598302180307312526e-01
2.492151850130515101e-01
2.329499326506603296e-01
1.903857291891455361e-01
2.596008044135693638e-01
2.411411334863986511e-01
2.037359356090755469e-01
2.167920321614369428e-01
2.809762721624462500e-01
1.697563194689113431e-01
8.512162051923244377e-02
2.582918249412839984e-01
1.231849640583169148e-01
2.470563828472052137e-01
2.519395124354923965e-01
2.684907514376604354e-01
1.866063600429530567e-01
1.557394225880477379e-01
1.249989867244982733e-01
2.807725176134869827e-01
2.233922799757426247e-01
1.767588578059022808e-01
1.611830115209622605e-01
1.066783517158240713e-01
2.298961642181893694e-01
1.613386111285111113e-01
2.036892589210985705e-01
2.647056840576977876e-01
1.813166891535207270e-01
2.654778886049760089e-01
1.710279434312846902e-01
2.634180656340436855e-01
1.313542882305043236e-01
2.673193155311492930e-01
1.995832223229729863e-01
1.809543225645073861e-01
2.437264551923936651e-01
2.542367843524386828e-01
1.544344339976904124e-01
2.560507882171894067e-01
2.189153290656422612e-01
2.755720090751827556e-01
1.622386173865546510e-01
2.709443971046070487e-01
1.878410316253846801e-01
1.646305717854925632e-01
2.668081957157877326e-01
2.703781361988530918e-01
2.410911012143133192e-01
1.648325442173739219e-01
2.542092076333126727e-01
2.725250259171589917e-01
2.637524257219725499e-01
2.187863953137458850e-01
2.542367843524386828e-01
2.036024436434864526e-01
2.491554669550071210e-01
2.733486693980040627e-01
9.186773827161154315e-02
2.694633372208459221e-01
1.692020493745483023e-01
1.989819388804168199e-01
2.808106862684098814e-01
2.123650382244930412e-01
2.599844821430661312e-01
2.529582284746041410e-01
2.626783718347756036e-01
2.140422569241389184e-01
2.528583700270186085e-01
2.383203360736425580e-01
2.041440577445188254e-01
2.699484682532471425e-01
2.452986199886861840e-01
2.547259561152808161e-01
1.028075837144388771e-01
1.659441777265771023e-01
2.381066060405769846e-01
2.181250584855378705e-01
2.536668263139469914e-01
2.485831402037392834e-01
2.437892128695455796e-01
2.943783051608104273e-01
2.730365083537051873e-01
2.647110737287610149e-01
2.285161830282875783e-01
1.321284025925955063e-01
2.281401958096509475e-01
2.078697808832670191e-01
2.510776936952083815e-01
2.672751843379588266e-01
2.033447891194573032e-01
2.726332811306093618e-01
1.063598010419344320e-01
2.400704320408300063e-01
1.351164041270704885e-01
2.178251768995034254e-01
2.587542028169433905e-01
2.571915663810200314e-01
2.664817966751575895e-01
1.559874502797589102e-01
1.719372887877828049e-01
2.551350167349433207e-01
2.734703553835746703e-01
2.647110737287610149e-01
2.628601714946219303e-01
2.672527392002175262e-01
2.122706182724876101e-01
2.361379436734392101e-01
2.759249766105611457e-01
1.792220674107980471e-01
2.336053307564744941e-01
1.084007551762908861e-01
1.795980832050592113e-01
2.312238975259095497e-01
2.404069217949320603e-01
2.295841381918926061e-01
2.544386144956103379e-01
9.054376744177705660e-02
2.421581372014127709e-01
1.554800593350700311e-01
1.220459111361993365e-01
2.802174723721231331e-01
2.621860133169384710e-01
2.170838472983787071e-01
2.572366963704144638e-01
2.040033751273870877e-01
2.348527952121894913e-01
1.513198020302244373e-01
2.715622594547619784e-01
2.178251768995034254e-01
1.426158995897273130e-01
1.824582873888420664e-01
2.617404448704885311e-01
1.248823276921715575e-01
2.805772289970622779e-01
2.218497592614321334e-01
1.804794929049533536e-01
1.600159495664552622e-01
2.016739244198113568e-01
2.386524703097219202e-01
2.627245370714792472e-01
2.481067175829778648e-01
2.733543870963712763e-01
1.256982072425572028e-01
2.475614698222967647e-01
1.157057220155142119e-01
2.149375788795984121e-01
2.074200061352584612e-01
2.647110737287610149e-01
2.773302882048227502e-01
2.003822832825665756e-01
2.639663480530956008e-01
1.358786260962521197e-01
2.234023008310224157e-01
2.574853695467460568e-01
2.318143311996720968e-01
2.354799811554437738e-01
1.451784634761139614e-01
1.883516482671758752e-01
2.520048048918965833e-01
2.343852199627036725e-01
2.503691126257994171e-01
1.432755470454996072e-01
1.418956674545457375e-01
2.279339533224149505e-01
2.531871179821587603e-01
2.178106275003948156e-01
2.668984828442058088e-01
1.777204365566618094e-01
2.536668263139469914e-01
1.254936177686758469e-01
2.289992397123787882e-01
2.668833300950250731e-01
2.012119718481795161e-01
2.422047843912080722e-01
1.494894790493246362e-01
2.508371186004989539e-01
1.028075837144388771e-01
2.717542707747480080e-01
2.342558464876054458e-01
2.109739580195171271e-01
2.266743208970014578e-01
2.686364409817700860e-01
1.304433854656474878e-01
2.082827531181425940e-01
2.736999709924692326e-01
2.037349063537368110e-01
2.589318381222378562e-01
2.284739323805657918e-01
1.940432674201932883e-01
1.037025831494204908e-01
2.301319787056606003e-01
2.235446184453060425e-01
1.759382095374579791e-01
2.313092982082887161e-01
2.081449801400898636e-01
1.812465015701274496e-01
1.999213753004633887e-01
2.793775318016713527e-01
2.621765414147505524e-01
2.135993071079838046e-01
2.362080481743049631e-01
2.020830758105942593e-01
2.654209078860176874e-01
1.242207690774463913e-01
2.650472700270389836e-01
2.473986396167857649e-01
2.523389828929651912e-01
1.982841719964980598e-01
2.793231025384894650e-01
2.713300639284810245e-01
1.728645560177115570e-01
2.675948850835387915e-01
2.695430071610687150e-01
2.582561900224416007e-01
2.216428018018312684e-01
2.737375433354536369e-01
2.701732244874603950e-01
1.503338631548469806e-01
2.650909392339766413e-01
2.113305999596200024e-01
2.410679850352739351e-01
1.293670459375038106e-01
1.413677200434406700e-01
2.191997412725932293e-01
2.655099526337671989e-01
2.428545394407466418e-01
2.742163757480220454e-01
2.020830758105942593e-01
2.404703768549838472e-01
2.625662770039722815e-01
1.850474155421952815e-01
2.418048551206419816e-01
2.159162902181437360e-01
1.256982072425572028e-01
1.992073090704860050e-01
1.220622319499460318e-01
2.732979802743153996e-01
2.195792370219837863e-01
2.385008772254648690e-01
2.642314644974188553e-01
1.870147549638172535e-01
1.527051848490632580e-01
2.124828028284797554e-01
1.803170068623165534e-01
1.756480193525016276e-01
1.853016406898131407e-01
2.129295925615481977e-01
2.745249483136147362e-01
2.661954811931135367e-01
2.397583975805961387e-01
2.531201485005336593e-01
2.561931492987632453e-01
2.512977496900132834e-01
1.982235462933488179e-01
2.587881788602643951e-01
1.557018265284861869e-01
1.715611280385296311e-01
1.967874732360330725e-01
2.609031531873196030e-01
1.374596723835397327e-01
1.392592719837892901e-01
1.845783314921138896e-01
1.956938134085746128e-01
2.336012826066102832e-01
1.996292379255635296e-01
2.639540177981976043e-01
2.566677055977324429e-01
2.509367233734476343e-01
1.202812018637144931e-01
2.701259004523075546e-01
2.744937561266391768e-01
2.705766424568514239e-01
2.709588477256135164e-01
2.740675356294248743e-01
2.669760541922432395e-01
2.711301319409553656e-01
1.031355873208461560e-01
2.405461249434290849e-01
2.024466305356753537e-01
1.704274451737157747e-01
2.011025890098956381e-01
1.569974919197321128e-01
2.703042149830041652e-01
2.645453999523876831e-01
2.696180330555630889e-01
2.712227480397757517e-01
2.509479196137327506e-01
2.072079569528657572e-01
2.349090693528435025e-01
1.455386943854399817e-01
2.647644071335779614e-01
2.706824685703850264e-01
2.762569227127951166e-01
1.807230443984746415e-01
2.778831136453270290e-01
1.459083244917529498e-01
2.685249033757930448e-01
2.174891739598452389e-01
2.490698677357370272e-01
2.605298555155091123e-01
2.774558504233262113e-01
2.656637747603047828e-01
1.382936931441687278e-01
2.416825360960332958e-01
2.601476523459078649e-01
2.562637116899217915e-01
2.144671133460587242e-01
2.615209266332341187e-01
2.068361143377712708e-01
1.535069869665601772e-01
2.606097731921490634e-01
2.665310795160804602e-01
9.742601076571055785e-02
2.191387190572573473e-01
2.693123083539550322e-01
2.144671133460587242e-01
2.362047803868980722e-01
1.627948194501058765e-01
1.792613594803151855e-01
1.510039129078464271e-01
2.253303729415847556e-01
2.717542707747480080e-01
2.287611832291167602e-01
2.070411309976547543e-01
1.510172906360214284e-01
2.536668263139469914e-01
2.783923577282516604e-01
2.619236980469707987e-01
2.817723008165584631e-01
2.361034656105083229e-01
2.761132486630737404e-01
2.554538238941894690e-01
2.559224217131061963e-01
1.331736094758610989e-01
2.115230965025887144e-01
2.749021684930248455e-01
1.474504168522567937e-01
1.735064210097867488e-01
1.666347959131631029e-01
1.324059777178945296e-01
2.694633372208459221e-01
2.543568268995155535e-01
1.970790763188867700e-01
2.685249033757930448e-01
2.336020048755536038e-01
2.496486351324564978e-01
2.020830758105942593e-01
2.597809240854340729e-01
1.348746880712941021e-01
1.533796845570387646e-01
2.429307854967390767e-01
2.199916059670234958e-01
2.471215593706981295e-01
1.355510871054059763e-01
2.124828028284797554e-01
2.602324067342642877e-01
2.532829995639112042e-01
2.295704412155954444e-01
2.355157978792146167e-01
2.627851963137146640e-01
1.325155005946339060e-01
2.024799920245863305e-01
2.134909331910410657e-01
2.089928898769599641e-01
2.532006122515433333e-01
2.112788773285583233e-01
2.609195677796476431e-01
1.977823113898260488e-01
2.742288889406792052e-01
2.324622368136708417e-01
2.174891739598452389e-01
2.778831136453270290e-01
2.595910217384895802e-01
2.666401250357433028e-01
1.388340947104653722e-01
2.616019178300810211e-01
2.713810433778913733e-01
9.891184475423830946e-02
2.770422353143064953e-01
1.874129725297857263e-01
2.024799920245863305e-01
2.531883938812526935e-01
2.020830758105942593e-01
1.626335799055684816e-01
2.642215849554272467e-01
2.274515957744389638e-01
2.318494156780266380e-01
2.662114574178042758e-01
1.978397418546062880e-01
2.585869698407261552e-01
1.487588457574995360e-01
2.057169414862203283e-01
1.586676737206103027e-01
2.652817992331915065e-01
1.952490335100858232e-01
1.483757613653811092e-01
1.996979097669058234e-01
2.444076202007474663e-01
2.319881415109037448e-01
1.611830115209622605e-01
2.709588477256135164e-01
1.594673549808378610e-01
1.641142457749076300e-01
1.924625132477686407e-01
2.239437808879030101e-01
1.471190900306522664e-01
2.322185387548252322e-01
2.299319541139439593e-01
1.536965123405167333e-01
2.301319787056606003e-01
2.536267575919266548e-01
2.577736610835481557e-01
1.884298390405554358e-01
2.611679904504988770e-01
1.606159959637531998e-01
2.423760898814180109e-01
2.138766796722970653e-01
1.933905757843659146e-01
2.549436552930783861e-01
2.460958814689808705e-01
2.721192361687929662e-01
2.324897908804155477e-01
1.462765601182294262e-01
2.522884444608211041e-01
2.516115260961173661e-01
2.511226661513816794e-01
2.717542707747480080e-01
2.421581372014127709e-01
1.963479491142257061e-01
1.927316752494476759e-01
2.628820243284604175e-01
2.259474336610320933e-01
2.501441704739191252e-01
2.754054549682694031e-01
2.769355978446386146e-01
2.676200526194723039e-01
2.401058112006984047e-01
1.694070929069502185e-01
2.310555482987908249e-01
2.642768597207716397e-01
2.148506092206652340e-01
2.435203838617781003e-01
1.041075102027093635e-01
2.168526521894005299e-01
2.650208590922655816e-01
2.452147700033640021e-01
2.020830758105942593e-01
2.204869483418825382e-01
1.388489729092059477e-01
1.951012052163738630e-01
2.436234007168716076e-01
1.753168707074497235e-01
2.511775827601789857e-01
2.784381674784510707e-01
2.180502857783919168e-01
2.442853318939093299e-01
2.144671133460587242e-01
2.189912015027131176e-01
2.069860222376567194e-01
2.489388728369874570e-01
3.120643655913832859e-01
2.584297758060527528e-01
2.547901484534316197e-01
1.827545807919896959e-01
2.024040199528798212e-01
7.347111940897033122e-02
8.209021567176666423e-02
2.753619150584034614e-01
2.280074151376965119e-01
2.414771364260559494e-01
2.317442064353718578e-01
2.090959886191114947e-01
9.871422114395844716e-02
2.299330554173888430e-01
2.555120367975360907e-01
2.616460057978278186e-01
2.601476523459078649e-01
2.656357672162270589e-01
2.703187715830024374e-01
1.413205963731378745e-01
2.433957202045906598e-01
2.653281493709469530e-01
2.746802447265421776e-01
2.005723349367078967e-01
2.029356377286752888e-01
2.288343316802405880e-01
2.384357007019710650e-01
2.742163757480220454e-01
2.418923390464833290e-01
2.812198376591918958e-01
2.496596099978924954e-01
1.667911344131907114e-01
2.030448157265283271e-01
2.396230530654479551e-01
2.013379214801540584e-01
2.554211176895364588e-01
1.872897202259933280e-01
2.494267739798212702e-01
2.167920321614369428e-01
2.595101705256581681e-01
2.483624845835281647e-01
1.999262471349556591e-01
2.358965984423786466e-01
2.661259425345310348e-01
2.552517297733913892e-01
2.561491579671795193e-01
1.865372633323056917e-01
2.573140464256944426e-01
2.221349967008050541e-01
2.543231598312596375e-01
1.520114170914137475e-01
2.799325873988172120e-01
2.427878491993444854e-01
2.029356377286752888e-01
1.691132242609159064e-01
2.699828071212060365e-01
2.197156815255674189e-01
2.742209511713440406e-01
2.570062350170490006e-01
1.818544598964644265e-01
2.576222915290102833e-01
2.552892930187793397e-01
3.120900579040322143e-01
8.365655219007184229e-02
2.730360517400916009e-01
1.776608453128796228e-01
1.416775924320363700e-01
2.530155844007913046e-01
2.639033101391961011e-01
2.691228897516877439e-01
1.624920435870871316e-01
1.497492859641944563e-01
2.305477376345885787e-01
2.587881788602643951e-01
1.552074639984741822e-01
1.642011567438679265e-01
2.167920321614369428e-01
1.839608992683015032e-01
2.658430743003590280e-01
2.325278763968121609e-01
2.730437917846924023e-01
2.055214607592086296e-01
2.241995432677077460e-01
2.075879428930456072e-01
9.368898059335428741e-02
2.660094642862205205e-01
1.705708252578688189e-01
2.479780384154910422e-01
2.740675356294248743e-01
2.474671119511766548e-01
2.275791516704606110e-01
2.650226665221131483e-01
2.599733639361430093e-01
2.575283506539944867e-01
2.224496230432020383e-01
2.637477722960435145e-01
1.947338425853919475e-01
2.566775430562557858e-01
1.991174670604287655e-01
1.791644085393393482e-01
2.118788394036945633e-01
2.253672627661131855e-01
2.661259425345310348e-01
2.299741145392335540e-01
1.228236318630608892e-01
2.759023513283054285e-01
1.967320606279621131e-01
1.400406476295152913e-01
2.726893160028653895e-01
2.547901484534316197e-01
1.524030234823259278e-01
1.740923135988072801e-01
2.227528975791503996e-01
2.302158878435758282e-01
1.445920547733798855e-01
2.541035949885355194e-01
2.146646657939923486e-01
1.705379861998430613e-01
1.907498788295534098e-01
2.644301795490999751e-01
1.507426251604710998e-01
1.630259824616215880e-01
2.713602101358967289e-01
1.514807134716749104e-01
2.068248912573640297e-01
1.406508807890398671e-01
2.639527174650204699e-01
2.313804211272110223e-01
2.527643933628187511e-01
2.282921486298512548e-01
2.093017383949753452e-01
2.626908280763844417e-01
2.737957368668579861e-01
1.830893568983658071e-01
1.703083405053504862e-01
2.488248038709457433e-01
2.427912454628611272e-01
2.699484682532471425e-01
1.706957605452963378e-01
2.699484682532471425e-01
2.712273021381799154e-01
1.455149814039620182e-01
2.445503344217820896e-01
2.020830758105942593e-01
2.716309288740061945e-01
2.650067908424906804e-01
2.326493654681662804e-01
1.667694912208963487e-01
2.117481411051738149e-01
2.287611832291167602e-01
1.835732480067466810e-01
1.380000088866406571e-01
2.083028443065177981e-01
2.593888184987811485e-01
1.604856353341599373e-01
2.349090693528435025e-01
2.409047531653421004e-01
2.744937561266391768e-01
2.583420425880058602e-01
1.679905310206271096e-01
2.213979305683073662e-01
2.614789007351383532e-01
2.074200061352584612e-01
2.536668263139469914e-01
2.355156295334781547e-01
2.409019574468471703e-01
2.678306887382255752e-01
2.693123083539550322e-01
2.645350072134524666e-01
1.885129700588343837e-01
2.745249483136147362e-01
2.395042487501699568e-01
2.197775068194856019e-01
2.673193155311492930e-01
9.205495348723857774e-02
2.024732010828680373e-01
2.636964537968493616e-01
2.743216165046300503e-01
2.471091543552335068e-01
2.555313510685213174e-01
2.505602325584419532e-01
1.701493993268066163e-01
2.701732244874603950e-01
1.952593021322321931e-01
1.974796790429795834e-01
2.693671901865100082e-01
2.696068071092341256e-01
2.468981478129901319e-01
2.608875735403488605e-01
1.822195306965932460e-01
1.031150196905281646e-01
2.467364865738401747e-01
2.811743815503362498e-01
1.488612300502332175e-01
2.662436718204306274e-01
2.608418882954932627e-01
1.374596723835397327e-01
2.161882418940734851e-01
2.423033443200282022e-01
2.587410105173590935e-01
2.484447454795963850e-01
1.517816146877475347e-01
1.374596723835397327e-01
2.508228244641710347e-01
2.631433335509196780e-01
2.647537530312584764e-01
2.625662770039722815e-01
2.020830758105942593e-01
2.179105903521527665e-01
1.190283370396327811e-01
2.288252868851552435e-01
2.646412709815191278e-01
2.540393390555273356e-01
2.711520067605350803e-01
2.011025890098956381e-01
2.422924456421791106e-01
2.336941412905151338e-01
2.142881756277263960e-01
7.341324749033173447e-02
2.741734120554442100e-01
1.369192602517603774e-01
2.387227124180730797e-01
1.949964365831782231e-01
2.741928438319041206e-01
2.366466795639290410e-01
2.260075166215607112e-01
2.551350167349433207e-01
2.621639364904133629e-01
2.305411300964435029e-01
2.700811878981230763e-01
2.736205264297772999e-01
1.397713546612644464e-01
2.117339840086316372e-01
1.658147839888526320e-01
2.721459680616380439e-01
1.375529439320049008e-01
2.288343316802405880e-01
2.348527952121894913e-01
1.429652919704906822e-01
2.660234501820575304e-01
2.409019574468471703e-01
2.717542707747480080e-01
1.724929629715763468e-01
2.470563828472052137e-01
2.564074475817026411e-01
2.579377895492083184e-01
2.591851466594512488e-01
2.742163757480220454e-01
1.438333352599903137e-01
2.249168100143688065e-01
2.550041606066173472e-01
2.428545394407466418e-01
7.998516368842967239e-02
2.611919777628761707e-01
2.555487200496946443e-01
1.401418899675386243e-01
2.587863715822296129e-01
2.672874527619439888e-01
2.124721418240849147e-01
2.764213430231592383e-01
2.295175988243416398e-01
2.597960245837693805e-01
2.405881675673420261e-01
1.636356577826605374e-01
1.640355313657844150e-01
9.197931147877458358e-02
8.242325354422774808e-02
2.459335567544131962e-01
2.813407404283285729e-01
1.527696442749473249e-01
9.641037664490870185e-02
2.497039147860355968e-01
2.654209078860176874e-01
2.695969656903649536e-01
2.603251399474091343e-01
2.013379214801540584e-01
1.735457648731353331e-01
1.864924777893088859e-01
2.185400549767662071e-01
1.473374971451111293e-01
2.104010610960296290e-01
2.679924366517489887e-01
2.578727990920217650e-01
2.394507957897031858e-01
2.669575640442118925e-01
2.557573778616895055e-01
2.547990137952851342e-01
2.335297518882457624e-01
2.245188976228646993e-01
2.587879691639960456e-01
1.794382269390482065e-01
2.291612898248134300e-01
2.403199623078426939e-01
1.829045999354752539e-01
2.196696520802161601e-01
2.357952230761526380e-01
2.290485742965282512e-01
2.029356377286752888e-01
2.020830758105942593e-01
1.735045917259050441e-01
2.354715029457832287e-01
2.547232664269571956e-01
1.981536959384380125e-01
2.187103073230529660e-01
2.656846582437815130e-01
2.573945267873183340e-01
1.314512681610331413e-01
1.266897189424138759e-01
2.790972803140610026e-01
1.514685234918955459e-01
2.491966335316400105e-01
2.244406536073650926e-01
2.702240071955852585e-01
2.178251768995034254e-01
2.406577237976783579e-01
2.758006310051612786e-01
1.816342607725722758e-01
2.570062350170490006e-01
2.245658488395463337e-01
2.682475229971759134e-01
2.443448200908973078e-01
2.709640928233607582e-01
1.884218720234045463e-01
2.618722832722255589e-01
2.681204915148720502e-01
2.078749372305690457e-01
1.682543826962037414e-01
2.631117049415161446e-01
2.711301319409553656e-01
2.279975574738939414e-01
1.304276039685081656e-01
2.493144070413819691e-01
2.166945328170051255e-01
1.851340866156565568e-01
2.655526078072893981e-01
1.600349428736738133e-01
2.041440577445188254e-01
2.130132635990582557e-01
2.443868966906297402e-01
2.239647344239621418e-01
2.582220039649802956e-01
1.931025340969272364e-01
2.134512500890988207e-01
8.415379569835579332e-02
2.638807540395688989e-01
1.152971071638297929e-01
1.597061861466864130e-01
2.802892306433024672e-01
1.093204590946887933e-01
2.287611832291167602e-01
2.658252616882164077e-01
2.196480020269122591e-01
1.771809955683538718e-01
2.631300645952272532e-01
2.619379082761215116e-01
2.604448346324792496e-01
8.209021567176666423e-02
2.378979150281805843e-01
2.182517634507208371e-01
2.558840619332940491e-01
2.429455426648310379e-01
2.597138925901694151e-01
2.306651490750635247e-01
2.639174695733892406e-01
2.036024436434864526e-01
2.464090279808415218e-01
2.597423912930283407e-01
2.247619768606465840e-01
1.815272891004440226e-01
1.276837647538453524e-01
1.879777537072362392e-01
2.673785913290780414e-01
2.598537839853296560e-01
2.003593418951075122e-01
1.600360754073433256e-01
2.178251768995034254e-01
2.691592218388070279e-01
2.479559921718399451e-01
2.761132486630737404e-01
2.064694222698859605e-01
2.172393640136673909e-01
2.305895869276852750e-01
2.333128166906472956e-01
2.759070036760320477e-01
1.785161727745867566e-01
2.520388566932041385e-01
2.724183338521690700e-01
2.317593399369863860e-01
1.517153185664588122e-01
2.182343282902854398e-01
2.247217970112371788e-01
1.926421273716494298e-01
2.019218878303705722e-01
2.907202731927966965e-01
1.586864373700622721e-01
2.125074509719420135e-01
2.602139436921495630e-01
2.594789946424569393e-01
2.784961684189148912e-01
2.476257980373235412e-01
2.576222915290102833e-01
1.516132274137769187e-01
2.527013452780506597e-01
2.585339903706405096e-01
1.446609451173381800e-01
2.459803065434664759e-01
2.580966035821443683e-01
2.038080548048606389e-01
2.744066787336780777e-01
1.880937765940355888e-01
1.989819388804168199e-01
1.821320630530554041e-01
1.956343189558831241e-01
2.256732688049423174e-01
2.739993801394557948e-01
2.484447454795963850e-01
2.700973608439474205e-01
2.111477173447555700e-01
2.516164906101048260e-01
2.660393177957951494e-01
2.297959757660024138e-01
1.774987774045202471e-01
2.698067110408759461e-01
7.268103859472141437e-02
2.643796373651721154e-01
2.043981527443401447e-01
2.643603730926695761e-01
2.329499326506603296e-01
1.634612008191451693e-01
2.349090693528435025e-01
1.879497288817049139e-01
2.138706984503038200e-01
2.397583975805961387e-01
1.329159422286609882e-01
1.841387856479332896e-01
2.431609084509789298e-01
2.027867857931298090e-01
2.124684629287942883e-01
2.105797883508442325e-01
2.288894404402386229e-01
2.684595716797240073e-01
1.570232098695258927e-01
1.409816339617542269e-01
1.378035826277521636e-01
1.838202942824862518e-01
2.593921331461430668e-01
2.874609895126525316e-01
2.677298929235423230e-01
1.755551519950540040e-01
2.451907008203306759e-01
2.666553962353290785e-01
2.534253480157087068e-01
2.679477056439019123e-01
2.529121131953964152e-01
2.652817992331915065e-01
2.606097731921490634e-01
1.888707665132818292e-01
2.588566335157116427e-01
2.645350072134524666e-01
2.149230827045576220e-01
2.307269426282667624e-01
2.344016814914287039e-01
2.433824492376812643e-01
1.355510871054059763e-01
1.360449445318616668e-01
2.185061776748602469e-01
2.647110737287610149e-01
2.148165027622956913e-01
2.302158878435758282e-01
2.409019574468471703e-01
2.750845346797881064e-01
2.568261452828606295e-01
2.250023438543955479e-01
2.047823376237527526e-01
2.289214981909539759e-01
2.567067876561708317e-01
1.700287995357276927e-01
2.724222796593256390e-01
2.393802297715508232e-01
2.650731896909830354e-01
2.536668263139469914e-01
1.492703814410152319e-01
1.302794638951771944e-01
2.240791138115199033e-01
2.184839358182895097e-01
1.919922334631829486e-01
2.307712502274190669e-01
2.533495753162400277e-01
2.730580928368366855e-01
2.234775558059558520e-01
2.686759322426830465e-01
2.701732244874603950e-01
2.014570913578639377e-01
2.709588477256135164e-01
2.496677467241301684e-01
2.349090693528435025e-01
2.413642098297668070e-01
1.942289003532398084e-01
1.639948945246416656e-01
1.568738690269739777e-01
2.254828315234860270e-01
2.639540177981976043e-01
1.524030234823259278e-01
2.198347307659824779e-01
2.130291190302662230e-01
2.173578909153111027e-01
1.632116465130204475e-01
2.532215749538604399e-01
2.126058328417146370e-01
2.715351629996165528e-01
2.496425117928371407e-01
2.591613889389234870e-01
2.596008044135693638e-01
2.182343282902854398e-01
1.382044645316460318e-01
2.802892306433024672e-01
2.291703346198987745e-01
2.245700203294278552e-01
2.646714759613031376e-01
1.599220940843446570e-01
1.565921884098440131e-01
2.644893097406795235e-01
2.009640952033242556e-01
1.554368718525385162e-01
2.119811949840375576e-01
2.413984719403980961e-01
2.414643910397868964e-01
2.588746849430085817e-01
2.763115027190883310e-01
2.093379407953905869e-01
2.409111098342338053e-01
2.683050543096605622e-01
1.041075102027093635e-01
1.967874732360330725e-01
1.786228454170748492e-01
2.114990764524513622e-01
2.495840524034234065e-01
2.563441920515456829e-01
1.619188121279853121e-01
2.475669180511994583e-01
2.089928898769599641e-01
2.555313510685213174e-01
2.639527174650204699e-01
2.446317679241554188e-01
2.388447531948685310e-01
1.449771781089124190e-01
2.410331328441621679e-01
2.602859065945963835e-01
2.574636477012406388e-01
2.664898317313131315e-01
2.312564021485910004e-01
2.734452031308753917e-01
1.271864583631616696e-01
2.014893157966177739e-01
1.205315301858167487e-01
2.347337273542917657e-01
2.350301647581272135e-01
2.772484381192512615e-01
2.282553878213882115e-01
2.594134411057789080e-01
2.623719826413442036e-01
2.621860133169384710e-01
2.317746480977289636e-01
2.585339903706405096e-01
1.817318785743253784e-01
2.411123253923985743e-01
1.374596723835397327e-01
1.517498202829123954e-01
2.652817992331915065e-01
2.725805165346892878e-01
2.545530424747779463e-01
2.474786173747824947e-01
2.351660417741383569e-01
2.807199923769800876e-01
1.506679099681891287e-01
1.991968164633526328e-01
1.231400345989674960e-01
2.759023513283054285e-01
2.682462976790960241e-01
2.168032643276447402e-01
2.650731896909830354e-01
1.459083244917529498e-01
3.134882677103298931e-01
2.582220039649802956e-01
2.405881675673420261e-01
2.585572825437116862e-01
2.124579703216618043e-01
2.697175688621324952e-01
2.823914210920852597e-01
2.582797559770400042e-01
2.684653793996796267e-01
2.576145514844103701e-01
1.535279390270538613e-01
2.505484315064032685e-01
1.561863024807195188e-01
2.144671133460587242e-01
1.607738601301802461e-01
2.565795573655682560e-01
2.413824958963965983e-01
2.430089261399421829e-01
7.890788543944982081e-02
2.645350072134524666e-01
1.585304687221960052e-01
1.856982160186646524e-01
1.844327710392770214e-01
2.486619867949304563e-01
2.413085716650122947e-01
1.632116465130204475e-01
2.664631915268556028e-01
2.109819132138239794e-01
2.533495753162400277e-01
2.089928898769599641e-01
1.921568743810491142e-01
2.397583975805961387e-01
2.032716406683325872e-01
2.573945267873183340e-01
2.484552472994421279e-01
1.355510871054059763e-01
1.389772404443538889e-01
2.112788773285583233e-01
2.722764302034663686e-01
1.626169308391460788e-01
2.114990764524513622e-01
1.416387502267584253e-01
2.531084860041774576e-01
2.536207203200122606e-01
1.650409281814191331e-01
2.303713955562534110e-01
2.242358092390128732e-01
2.211552587896559174e-01
2.687433747589578203e-01
2.241117902603928513e-01
2.117723886707496561e-01
2.640940280401968820e-01
2.745249483136147362e-01
2.077330321632508969e-01
2.726893160028653895e-01
2.041440577445188254e-01
1.492971756202692291e-01
2.421581372014127709e-01
2.577736610835481557e-01
2.379089603047352952e-01
2.715611581513170947e-01
2.431838926562228664e-01
2.332693278168154194e-01
1.933564395707021433e-01
1.353939700131538970e-01
2.645350072134524666e-01
9.409390253298965945e-02
1.448442105435727711e-01
1.301615760306473746e-01
2.277748378696351494e-01
1.374605932062404889e-01
2.533495753162400277e-01
2.717542707747480080e-01
2.475614698222967647e-01
2.500468003619076285e-01
2.625662770039722815e-01
2.643945237134470716e-01
2.653108794275373938e-01
2.763115027190883310e-01
2.417980039560703176e-01
2.521170583312519753e-01
2.607431794508192624e-01
2.655090866134308669e-01
2.015408927602049260e-01
2.101644836949061457e-01
2.638686632443922875e-01
2.438386247777879490e-01
2.727734301096429448e-01
1.917390004471908327e-01
2.047005930854446376e-01
1.868839534271851122e-01
2.722431234150866075e-01
2.318182070449550380e-01
2.594789946424569393e-01
8.359574799468827422e-02
2.204869483418825382e-01
2.569066256444854091e-01
8.497054837344286682e-02
2.684549969655911639e-01
2.397583975805961387e-01
2.755720090751827556e-01
2.371847629436221183e-01
2.028664534245629980e-01
2.202563887038424539e-01
1.553242606899098988e-01
2.547901484534316197e-01
2.627658474500673691e-01
1.867722713391888334e-01
2.737071316650974140e-01
2.536267575919266548e-01
2.645446651595992904e-01
2.699544281759411746e-01
1.199486403597562756e-01
2.507526736384013688e-01
1.592592468339901757e-01
2.144671133460587242e-01
1.859307084698764712e-01
2.733486693980040627e-01
1.371780668841093842e-01
1.418956674545457375e-01
1.627948194501058765e-01
2.733191636155227755e-01
2.217400145389580857e-01
1.632116465130204475e-01
2.477448381368025920e-01
2.623574905590535522e-01
2.183566327449266709e-01
2.537254659625576281e-01
2.757671124441340993e-01
2.405881675673420261e-01
2.658516307493146158e-01
1.832751365621847484e-01
2.003593418951075122e-01
2.664956291765410157e-01
2.418809549257270319e-01
2.388793987192894264e-01
1.331736094758610989e-01
2.130917820522908457e-01
1.784822404312595978e-01
2.615760405378368958e-01
2.575676763804688463e-01
1.225018155888202287e-01
2.398135063405941736e-01
2.574972819283187775e-01
2.349090693528435025e-01
2.566371174555905910e-01
1.822195306965932460e-01
2.571754105315520178e-01
2.454874136632634318e-01
2.397803312845407930e-01
2.577738841224386235e-01
1.970790763188867700e-01
1.747932575396520249e-01
2.605027205801206946e-01
1.241738472720310682e-01
2.387240473274268027e-01
2.615493297715500987e-01
1.275242239827800717e-01
2.348527952121894913e-01
2.335993359025323457e-01
1.823559628130899668e-01
1.784149366322660413e-01
2.144671133460587242e-01
2.247619768606465840e-01
2.403466767099953216e-01
2.172481705829918397e-01
2.811743815503362498e-01
2.652817992331915065e-01
2.395245544321573661e-01
1.762224991260623597e-01
2.199916059670234958e-01
2.566775430562557858e-01
2.669537152270891056e-01
2.675006624979072711e-01
2.321047984515347551e-01
1.950133720020303940e-01
2.375769160044631789e-01
2.762569227127951166e-01
2.071714412335641242e-01
2.085837384861770616e-01
2.016844170269456171e-01
2.047823376237527526e-01
2.409019574468471703e-01
1.761114293725851709e-01
2.022034694341705574e-01
2.626748835628767154e-01
2.602218379607030840e-01
2.304686658643362307e-01
2.641763055561865414e-01
1.714449173429164475e-01
2.123900676439349766e-01
2.650977935813187969e-01
2.390080679902206739e-01
2.555313510685213174e-01
2.380813942632782343e-01
2.431505026684570581e-01
1.190933300742251788e-01
2.627476239707311478e-01
2.484328668397370876e-01
2.298513353952555960e-01
2.391763349976763209e-01
2.551350167349433207e-01
2.590902265694605688e-01
2.551928080917793551e-01
2.584273892866759681e-01
2.589162821365667000e-01
2.675745305568115739e-01
1.806218144480720156e-01
2.280470124804123699e-01
2.508371186004989539e-01
2.288894404402386229e-01
1.784030415936053160e-01
2.173424453239407583e-01
2.119940911763631419e-01
2.285374966157993626e-01
2.010785791912601539e-01
1.972155283248948621e-01
2.317746480977289636e-01
9.717143116904836120e-02
2.677298929235423230e-01
2.414771364260559494e-01
1.535069869665601772e-01
2.468490151703521818e-01
2.536267575919266548e-01
1.857104325442007209e-01
2.674588927009340367e-01
2.802892306433024672e-01
1.474677532088648491e-01
2.026169620293973850e-01
1.711018240739345941e-01
2.390442268318926367e-01
2.701732244874603950e-01
2.678387461946529768e-01
2.644543972135577903e-01
1.038210098526795022e-01
2.194360719823338357e-01
1.311422823030037321e-01
1.525063423798487250e-01
2.289535478061770490e-01
2.489388728369874570e-01
1.549230243060737422e-01
1.735457648731353331e-01
2.397583975805961387e-01
2.577736610835481557e-01
2.619446049081970429e-01
2.430089261399421829e-01
1.472320511193201398e-01
2.667513722546761556e-01
1.872897202259933280e-01
2.586805670004022062e-01
1.995036688726594676e-01
1.480921191571189510e-01
2.046527783792591038e-01
2.667140048686533760e-01
2.617280509807109468e-01
2.613754746831817855e-01
2.225401514890892329e-01
2.493139752751014626e-01
2.334391866577094632e-01
2.554133119973993615e-01
2.420477822202027340e-01
2.783205004338231703e-01
1.943458166328912995e-01
1.444491799450435821e-01
2.227086336720898174e-01
2.299190057792364072e-01
1.960081682837602202e-01
9.257605256408929506e-02
2.245678918907012545e-01
1.759249588648543750e-01
1.999262471349556591e-01
1.999262471349556591e-01
2.205839887773484165e-01
1.992340736440842974e-01
7.962252449441820090e-02
2.092364193489375523e-01
2.665004900063641102e-01
1.623889960778468478e-01
1.846204277797038884e-01
1.635462629848776217e-01
2.329492338024454767e-01
2.422012103301014463e-01
2.208767301349663370e-01
2.563435211405904468e-01
1.790938578530303360e-01
1.466955984655538003e-01
2.282322394808993238e-01
2.026967994049684307e-01
2.455197881252111358e-01
2.717271739481894599e-01
2.762148417759053842e-01
2.823914210920852597e-01
1.658147839888526320e-01
2.584297758060527528e-01
2.536729769923651290e-01
1.570891433780721158e-01
2.527699565341468002e-01
1.577695612730360963e-01
2.435937191224644138e-01
2.763937173773021172e-01
2.673193155311492930e-01
2.538872653344048658e-01
2.582257452673246689e-01
2.652817992331915065e-01
1.434208744157912108e-01
2.410679850352739351e-01
1.757586109939861529e-01
2.060780228801926128e-01
2.629017147053112069e-01
2.088335491358845886e-01
2.493392039916715319e-01
1.170920597652616024e-01
2.236164819889845390e-01
2.759070036760320477e-01
2.424157541205387290e-01
1.649082311375433818e-01
2.084840214193928176e-01
2.554487422681699371e-01
2.531761653557840219e-01
2.806079759090902570e-01
2.262110030684203466e-01
2.403104377628126898e-01
2.401675489713781531e-01
2.577736610835481557e-01
1.738179638543080330e-01
1.282835128566821581e-01
1.314698135011260760e-01
1.307737641260766637e-01
1.522830459158557304e-01
2.336053307564744941e-01
1.641367917538874011e-01
2.489158952541643544e-01
1.426861310859610654e-01
2.551350167349433207e-01
2.313752899246672712e-01
2.470030476067819336e-01
2.481067175829778648e-01
2.784381674784510707e-01
2.473203220366650967e-01
2.763115027190883310e-01
1.540390426177538075e-01
1.532306443959026154e-01
2.020080474148189253e-01
2.746753832890043157e-01
2.276941543382218214e-01
2.544202548418992293e-01
2.587243910463721264e-01
1.860258160921697268e-01
1.965761647434005610e-01
2.446620182802883292e-01
1.787879389704993827e-01
2.235856317315034758e-01
2.695866898086709540e-01
2.523234110965901777e-01
1.917835199199613427e-01
2.531761653557840219e-01
1.436501420583491395e-01
1.503379155517681198e-01
1.730580088268345307e-01
2.746853117865564187e-01
2.403715827959409523e-01
2.291703346198987745e-01
2.658908521305951567e-01
2.606591869559222729e-01
1.795635814886047399e-01
2.526573361901993664e-01
2.762609795502184440e-01
1.922010347003997310e-01
2.312540832318559225e-01
1.406929542227519647e-01
1.747596036830749711e-01
2.644691395655014432e-01
1.358907846301988798e-01
2.182343282902854398e-01
2.276890820888892719e-01
1.323904826818225189e-01
1.241738472720310682e-01
2.730360517400916009e-01
2.106816469335344166e-01
2.611227824751525262e-01
2.150450076396515087e-01
2.277661183007531065e-01
2.398115832665403957e-01
1.434000652367153350e-01
2.609118719709027090e-01
2.409824378084728380e-01
2.488420182305191020e-01
2.119822953204284488e-01
2.759106860542024364e-01
2.582220039649802956e-01
2.729197266869345384e-01
2.819340084078945097e-01
1.061552115680530761e-01
2.139836146738636202e-01
2.519916423119656912e-01
2.335771185939137240e-01
1.967320606279621131e-01
2.329499326506603296e-01
2.606023167819433439e-01
2.168526521894005299e-01
2.003593418951075122e-01
2.544386144956103379e-01
2.401862915623231842e-01
2.036843966195167610e-01
2.395245544321573661e-01
2.418016536290634733e-01
1.765536837759267286e-01
2.687306765834867051e-01
2.395042487501699568e-01
1.990207887300341483e-01
2.260104153737776400e-01
2.354715029457832287e-01
2.592056656136030313e-01
2.880686240673977494e-01
8.673148139279707181e-02
2.062733726873382523e-01
2.679684117964260537e-01
1.656207821650292900e-01
2.611223823840944647e-01
2.544725621131522786e-01
2.673193155311492930e-01
2.176193254958640466e-01
1.619981764810018987e-01
1.981624984159537917e-01
2.521165895287502678e-01
2.654552446266187360e-01
2.548407184643863843e-01
2.607677401575312359e-01
2.204869483418825382e-01
1.977536163591828711e-01
1.096698650002911890e-01
2.235672021258743314e-01
2.540469167837224873e-01
2.578764800186323924e-01
2.224984475409410578e-01
2.608875735403488605e-01
2.371423052007388677e-01
2.428249055113216315e-01
1.627948194501058765e-01
2.664956291765410157e-01
2.657206875096393972e-01
1.889411685813104924e-01
1.963495504827186267e-01
2.463730359958491434e-01
2.282479314111824920e-01
2.567632468355434128e-01
1.558441976256323969e-01
2.050518489200383598e-01
2.637477722960435145e-01
1.364690135880124444e-01
2.600298104839771085e-01
1.907498788295534098e-01
1.785116466702669769e-01
1.332390090237653979e-01
1.874865576270883238e-01
2.276890820888892719e-01
2.478787239704791645e-01
2.422874906332728173e-01
2.819340084078945097e-01
2.454530737358853187e-01
2.531201485005336593e-01
2.232682609971234911e-01
2.591502752450471903e-01
1.725491598766781820e-01
2.463478388250903706e-01
1.642780072696625737e-01
2.329499326506603296e-01
1.953785381049417680e-01
2.643930663997871022e-01
2.710916199611670407e-01
2.676200526194723039e-01
1.862592663051305664e-01
7.742221177220542927e-02
1.942289003532398084e-01
2.554132224996727984e-01
2.365434447888281611e-01
2.033854504295096177e-01
1.267414642761321986e-01
2.555313510685213174e-01
2.541688886301303185e-01
2.515106731627447800e-01
2.549317038985829953e-01
8.178477411106310768e-02
2.292215159262021018e-01
2.401226349131855287e-01
2.653042894198245349e-01
2.783993876732804296e-01
2.285534375005795482e-01
2.214396345164564295e-01
2.679665053525992491e-01
2.638134101298366119e-01
2.689400898676197471e-01
2.577736610835481557e-01
2.753453746142753289e-01
2.641214980146191493e-01
2.684653793996796267e-01
1.257985713137070860e-01
2.172513109730491720e-01
2.433608505387754306e-01
2.036000761128118342e-01
2.291442105196397350e-01
1.275242239827800717e-01
2.336053307564744941e-01
2.742163757480220454e-01
2.358224645192530389e-01
2.546337127113726950e-01
1.638901949576094808e-01
2.032410392476515781e-01
2.297202491729732898e-01
2.299330554173888430e-01
2.731964152130332835e-01
2.186822188863510874e-01
2.335993359025323457e-01
1.328696140599499032e-01
2.634588503589352371e-01
2.684433766858562720e-01
2.467580124315231771e-01
2.247619768606465840e-01
2.134909331910410657e-01
2.764694372689708857e-01
1.879384450262531203e-01
2.489388728369874570e-01
2.065177961326254419e-01
1.898032912113407633e-01
1.441215798715376195e-01
2.418730047892507784e-01
2.369622480113111607e-01
2.021462232004722637e-01
2.438326120766252103e-01
2.591451948653178405e-01
2.005101920688936445e-01
2.073951736284396219e-01
1.861738774521946027e-01
2.472668867979521679e-01
9.073565132683381051e-02
1.813052627534563754e-01
2.714602405603798729e-01
9.728809020137418884e-02
2.217452478528239013e-01
1.649871630752759444e-01
2.715691962633144385e-01
2.639755210391623308e-01
2.536668263139469914e-01
2.490001346859598286e-01
2.536668263139469914e-01
1.293459067184494771e-01
1.804257041186367871e-01
2.377994610039078083e-01
1.981536959384380125e-01
2.183583472689054616e-01
2.709977659357090118e-01
1.120516695540558771e-01
1.459375794119015524e-01
2.644301795490999751e-01
2.476356244030517573e-01
1.014700173978280162e-01
2.602267701974190217e-01
2.488420182305191020e-01
1.839512158458962432e-01
9.105099842618535888e-02
2.205963752253623511e-01
1.643631314392894893e-01
1.645886061140142687e-01
2.303869677135503835e-01
2.762211057537378167e-01
2.178822354979628173e-01
1.996460674165732030e-01
1.942289003532398084e-01
2.421581372014127709e-01
2.413085716650122947e-01
2.282673161230315273e-01
2.358965984423786466e-01
2.571276447615824523e-01
2.642129889791826614e-01
2.579734644253068865e-01
2.467364865738401747e-01
2.668833300950250731e-01
2.714602405603798729e-01
2.536668263139469914e-01
2.708175055955841515e-01
2.281401958096509475e-01
2.664330615794341384e-01
2.035035382215300004e-01
2.422551928299636614e-01
2.643603730926695761e-01
2.431407814680328627e-01
2.092543381018634463e-01
2.536668263139469914e-01
2.210906112870851814e-01
1.416239099155056635e-01
1.991292170854919164e-01
2.589318381222378562e-01
2.473577095581562801e-01
2.536668263139469914e-01
2.720436537407522337e-01
2.311649279477991925e-01
2.399658064405967295e-01
2.089928898769599641e-01
2.569197982845068395e-01
2.215401955446880677e-01
2.144671133460587242e-01
2.079041855228691560e-01
2.804882281004514866e-01
2.613295486842606152e-01
2.229449553892459690e-01
2.811743815503362498e-01
1.905937736456984055e-01
2.679013597977863981e-01
2.739109347499262270e-01
2.410679850352739351e-01
2.180502857783919168e-01
1.546080474105933078e-01
2.048645718124211257e-01
2.281442861097984220e-01
2.828005724828690504e-01
2.527699565341468002e-01
2.441672394581866357e-01
2.536668263139469914e-01
2.736010148444965040e-01
2.743762566339755793e-01
2.789643357749094221e-01
2.336053307564744941e-01
1.569056636642818248e-01
1.734671602176156568e-01
2.602245148153912169e-01
2.698909179368973454e-01
1.464283137571422699e-01
2.117481411051738149e-01
2.204869483418825382e-01
1.346400777465053267e-01
2.578905676013922843e-01
2.767406472313558297e-01
2.474711609645767751e-01
1.728645560177115570e-01
1.785116466702669769e-01
2.489048238843194483e-01
2.496242042757161883e-01
1.777204365566618094e-01
2.360927155010799083e-01
2.648578142172839378e-01
2.645350072134524666e-01
1.952166357070703739e-01
2.167920321614369428e-01
2.016844170269456171e-01
2.551350167349433207e-01
2.744134547547822933e-01
2.635772715196385008e-01
2.431755351215905137e-01
2.573140464256944426e-01
2.717460993110814016e-01
2.326193236780698115e-01
1.709705860667156685e-01
2.677298929235423230e-01
2.508404765753144972e-01
2.547901484534316197e-01
2.454607174605740738e-01
2.605834295619322560e-01
2.815062701850523652e-01
2.409019574468471703e-01
2.633282810430079834e-01
1.950133720020303940e-01
2.733124308953218673e-01
2.089928898769599641e-01
2.418136562884791729e-01
2.388447531948685310e-01
2.594789946424569393e-01
2.049062984628475803e-01
2.220772635952830143e-01
2.470563828472052137e-01
2.573140464256944426e-01
2.614120052149493389e-01
2.250440257140686739e-01
2.694359068467795382e-01
1.384480601253095244e-01
2.487808049056994264e-01
2.684653793996796267e-01
2.242358092390128732e-01
2.555120367975360907e-01
2.199990471990487251e-01
9.414771245304809355e-02
2.189235518168688444e-01
1.663448701218985804e-01
2.316387663284968923e-01
2.707046810444317941e-01
2.320790635623746212e-01
2.494754389463516020e-01
8.990079371208370418e-02
1.998662665404662420e-01
2.650731896909830354e-01
2.149230827045576220e-01
2.763115027190883310e-01
2.414643910397868964e-01
1.283144429840907819e-01
2.504949821125714848e-01
2.510220700721168541e-01
2.702403373308426282e-01
2.609894569479935811e-01
1.591416103372962354e-01
2.544542312921080907e-01
2.547901484534316197e-01
2.389142517614590844e-01
1.574255199334437805e-01
2.018277255463880593e-01
2.638862773864127931e-01
1.621228097883324892e-01
2.120845685573851114e-01
1.538308756716793013e-01
2.183218332884866442e-01
1.728645560177115570e-01
1.953785381049417680e-01
2.670557061580938196e-01
2.545530424747779463e-01
2.785551843841274078e-01
1.427824919344677923e-01
2.045178840213477400e-01
2.725283875595758687e-01
2.016987569266310842e-01
2.243584080805565151e-01
2.565092707414740048e-01
2.045231138007741478e-01
2.589318381222378562e-01
2.588566335157116427e-01
1.222116895880986931e-01
1.503379155517681198e-01
1.510172906360214284e-01
2.571754105315520178e-01
1.395264269104616872e-01
1.378035826277521636e-01
1.510172906360214284e-01
2.403810628015987660e-01
2.020830758105942593e-01
2.475614698222967647e-01
1.982235462933488179e-01
2.336053307564744941e-01
2.405035519110363396e-01
2.421268727035084112e-01
2.291583941906409905e-01
2.525980799987479486e-01
1.969001386005544418e-01
2.633360192510796338e-01
2.287611832291167602e-01
1.061552115680530761e-01
2.665068375014953972e-01
2.070411309976547543e-01
1.921272818442441022e-01
2.602911639040881298e-01
2.061597406384434450e-01
2.696948286079132728e-01
1.989819388804168199e-01
2.654023336491011520e-01
2.620879509579339128e-01
2.606897891373707310e-01
2.664378697749807401e-01
9.172091208483390545e-02
1.888470560150903310e-01
1.976375564563008780e-01
2.405123442197956152e-01
2.530853946511353314e-01
2.585339903706405096e-01
2.562637116899217915e-01
2.074502823884358804e-01
2.416859552256234167e-01
2.397583975805961387e-01
2.561665292524715198e-01
2.742163757480220454e-01
2.342829589747603691e-01
2.341411967191264765e-01
1.611830115209622605e-01
2.164827149727939215e-01
2.043224032943360413e-01
2.521459815988427167e-01
2.334052161314144058e-01
2.759249766105611457e-01
2.471455317032713594e-01
1.977779761346338816e-01
1.321838587214596572e-01
2.484447454795963850e-01
1.435035606048788992e-01
2.307707370955958126e-01
2.323258927345817071e-01
2.661311560459491687e-01
2.778831136453270290e-01
1.752260371021261420e-01
2.647375206702431427e-01
1.506905965087961263e-01
1.321284025925955063e-01
2.694633372208459221e-01
2.340144821472565084e-01
2.236778014079883192e-01
1.765113043955404137e-01
2.012687371760417676e-01
2.612645143981913165e-01
1.374596723835397327e-01
2.152694589349559706e-01
2.177715159515534182e-01
1.856414619042983105e-01
2.020830758105942593e-01
2.670304834554260154e-01
2.528237486023821035e-01
2.451069982362215072e-01
2.808106862684098814e-01
2.299330554173888430e-01
2.536267575919266548e-01
2.678831031224033765e-01
1.749127017836009657e-01
2.418913826188182625e-01
2.507111992381547694e-01
2.467540466129545251e-01
2.818867572215051354e-01
2.174891739598452389e-01
2.733124308953218673e-01
2.734452031308753917e-01
2.360842459709893149e-01
2.487519734484413547e-01
2.723603929711782001e-01
2.254040436495765576e-01
1.247521743278321438e-01
2.481067175829778648e-01
1.873060415024996317e-01
2.007925340606000475e-01
2.065177961326254419e-01
2.643796373651721154e-01
2.022569344929783242e-01
1.861277171169906097e-01
2.499892075727601082e-01
2.689922252810816872e-01
2.037349063537368110e-01
2.409036534240271976e-01
1.560738980393461262e-01
2.428768221603423427e-01
2.510536863112786676e-01
2.739568182459350965e-01
2.762569227127951166e-01
2.903032067950679362e-01
1.416775924320363700e-01
2.036024436434864526e-01
2.737071316650974140e-01
2.484447454795963850e-01
1.537804264970166201e-01
2.476356244030517573e-01
2.510835426757038746e-01
2.240786152043403590e-01
2.650593902120679246e-01
2.654209078860176874e-01
1.388355674061445555e-01
2.384378291406985539e-01
2.750904183329749841e-01
2.128671217124429305e-01
2.254040436495765576e-01
2.499892075727601082e-01
1.880504353627738823e-01
2.220297470630621106e-01
2.667987388373891378e-01
1.632629944833645652e-01
2.628807146783760373e-01
2.754818430004304375e-01
1.249989867244982733e-01
1.965179339619727017e-01
2.587674426013171214e-01
2.109739580195171271e-01
2.075545186482390392e-01
2.468605055524601966e-01
2.533648496494826929e-01
2.614165299901722861e-01
2.565664532459823732e-01
2.306587939683009125e-01
1.554164456324444998e-01
1.984564793335774624e-01
2.619351755305014962e-01
1.775200974386361708e-01
2.349090693528435025e-01
2.392142071139113924e-01
2.591916530227873494e-01
2.663411873137215835e-01
2.235672021258743314e-01
1.242207690774463913e-01
2.381836406510746684e-01
2.378639170256864332e-01
2.793775318016713527e-01
2.551592326843232783e-01
1.680781469635146408e-01
1.354988717791059116e-01
1.551203473079967310e-01
2.372694698957396042e-01
2.676200526194723039e-01
2.230205748869975579e-01
1.497743735365633100e-01
2.461515573464518880e-01
2.757401686457834344e-01
1.682029095729777879e-01
9.154060626256388389e-02
2.532105149332002370e-01
2.418730047892507784e-01
1.632463810896087608e-01
1.372615197756861249e-01
2.639078676181343397e-01
1.867418528061861593e-01
2.757127794597202808e-01
2.176201602396199419e-01
2.128671217124429305e-01
2.532907546522684683e-01
2.758086339260419351e-01
2.070411309976547543e-01
1.708219484129678278e-01
2.665310795160804602e-01
1.226370452633966934e-01
1.906773104174801503e-01
2.168526521894005299e-01
7.890788543944982081e-02
7.539877802345174018e-02
1.763067149216590579e-01
2.189912015027131176e-01
2.172714311191281666e-01
2.724222796593256390e-01
2.548822524957055080e-01
2.009872216502373021e-01
2.099278696304676117e-01
2.486239297046592966e-01
2.329499326506603296e-01
2.750251151485132439e-01
2.414643910397868964e-01
2.615759012969629538e-01
2.020830758105942593e-01
2.555120367975360907e-01
2.452186968091680797e-01
2.656846582437815130e-01
2.216612188672781869e-01
1.763491652814082045e-01
1.376753649580164662e-01
2.419871998737770369e-01
2.319395589765935739e-01
2.206397400839286149e-01
2.047823376237527526e-01
1.565921884098440131e-01
2.628376286573930187e-01
2.545530424747779463e-01
2.212540641453371038e-01
1.228236318630608892e-01
2.235394338409228965e-01
1.488022544014846460e-01
2.644249784637482392e-01
2.621252628439858512e-01
2.642314644974188553e-01
2.281442861097984220e-01
1.833991299488690885e-01
2.237244825628712519e-01
2.152597606114472484e-01
2.608875735403488605e-01
2.628563037498281574e-01
2.132869506857533182e-01
2.823914210920852597e-01
2.682498035870475306e-01
9.150064784151012987e-02
2.688700110782766828e-01
2.057169414862203283e-01
2.406193388660389232e-01
2.310555482987908249e-01
2.162448935997502986e-01
1.479778100626285564e-01
1.421714618408573827e-01
2.048645718124211257e-01
2.700830901961044361e-01
2.292824131692601242e-01
1.509746988464044648e-01
1.700287995357276927e-01
2.552609683147020192e-01
2.497350190831371108e-01
2.021079083174139868e-01
2.536668263139469914e-01
2.491966335316400105e-01
1.622386173865546510e-01
2.555022715012880141e-01
1.238664235450519513e-01
2.489441665203040444e-01
2.422863893298288218e-01
1.585404455345624797e-01
1.933118841888914474e-01
1.382044645316460318e-01
2.544542312921080907e-01
1.401408556267531580e-01
2.641936682866923292e-01
2.544202548418992293e-01
2.682462976790960241e-01
2.200759425983633832e-01
2.242523332499786193e-01
2.074930614197141310e-01
2.180502857783919168e-01
2.701732244874603950e-01
2.735820848606538291e-01
1.609403984898403195e-01
2.377832017310090862e-01
2.167920321614369428e-01
2.650731896909830354e-01
1.962601534416110738e-01
1.444280315355026545e-01
2.670274408787598475e-01
2.431338304935559691e-01
2.529704240746131205e-01
2.850347471439871327e-01
2.167964836244857807e-01
2.188449378991279559e-01
2.648396571640301289e-01
1.665668904375499082e-01
2.481067175829778648e-01
1.600799582507717034e-01
2.574257354203899339e-01
2.295841381918926061e-01
2.733300326937992963e-01
2.646640383001992447e-01
1.386210121466708856e-01
2.350339112352166637e-01
2.070411309976547543e-01
2.303578461937565436e-01
2.048645718124211257e-01
2.399851714232923428e-01
1.534196397531939482e-01
1.983204143909915729e-01
1.327093182682990147e-01
1.728033937098123474e-01
2.724302739242965288e-01
2.286939597132269242e-01
1.959186347352916968e-01
2.699484682532471425e-01
2.544386144956103379e-01
1.382044645316460318e-01
2.716309288740061945e-01
2.417295746849363880e-01
2.730580928368366855e-01
2.639078676181343397e-01
2.272617043336069287e-01
2.536668263139469914e-01
2.316387663284968923e-01
1.642599057541751506e-01
2.729489907702342677e-01
2.764174661302174485e-01
1.652951856731261771e-01
2.179608654203901708e-01
2.332693278168154194e-01
1.608970655037049724e-01
2.068361143377712708e-01
1.459083244917529498e-01
2.020830758105942593e-01
2.283758524994450312e-01
2.034853113321037910e-01
2.654209078860176874e-01
2.634653584121613434e-01
2.717542707747480080e-01
2.474332006950179519e-01
1.842730361478617240e-01
2.344016814914287039e-01
2.736393192010746489e-01
1.555294897288312939e-01
2.424919263340719056e-01
2.250056944249507751e-01
2.724854475687799038e-01
2.182343282902854398e-01
2.016844170269456171e-01
2.398135063405941736e-01
2.285374966157993626e-01
2.701597394601789048e-01
2.704535494498454540e-01
2.670304834554260154e-01
2.583291713192803485e-01
2.668984828442058088e-01
2.356378425090284168e-01
2.449444960407021199e-01
1.906635619623395783e-01
2.828296910851317847e-01
2.678321673307078044e-01
1.993651732369121632e-01
1.010756556385068450e-01
2.767955129793158164e-01
1.687862578170804539e-01
2.281401958096509475e-01
2.377994610039078083e-01
1.914809914812574121e-01
1.031347522363024183e-01
2.336053307564744941e-01
2.157217588965067989e-01
1.694551065645075738e-01
2.764236275187723635e-01
2.810864730799869093e-01
1.489682406684718075e-01
1.847896490479739029e-01
2.159650507766590621e-01
2.577736610835481557e-01
2.042067135885101692e-01
2.627845454786488233e-01
2.568959954823686331e-01
2.013379214801540584e-01
2.527493917114771449e-01
2.295704412155954444e-01
2.249708306238904498e-01
2.024799920245863305e-01
2.670999637727859977e-01
2.725088516760765245e-01
1.323875019940583542e-01
1.350629014380073656e-01
2.428554091521331060e-01
2.576222915290102833e-01
2.520352869922017902e-01
1.611830115209622605e-01
2.763334345528107860e-01
2.304465824361505710e-01
7.890788543944982081e-02
2.027777735622482425e-01
2.265973293686780465e-01
1.549312609598239021e-01
2.802892306433024672e-01
2.542290662249726552e-01
2.695866898086709540e-01
1.190305272345471010e-01
2.194827707118358617e-01
2.647110737287610149e-01
2.666856151739143144e-01
1.356563125842855655e-01
2.285047177222931936e-01
2.682830132129154777e-01
2.689650438511215214e-01
2.400944005202543252e-01
2.481067175829778648e-01
2.602972066529032347e-01
2.432555406165555212e-01
1.611830115209622605e-01
2.335771185939137240e-01
2.484447454795963850e-01
2.477936344611801900e-01
2.413202612250149315e-01
2.003593418951075122e-01
2.605027205801206946e-01
2.603171309142107148e-01
2.227528975791503996e-01
2.557573778616895055e-01
2.356436150500682558e-01
2.723471714827052637e-01
9.150064784151012987e-02
2.060006816089199333e-01
2.484027661524041974e-01
2.388314080280551366e-01
1.835749079122503957e-01
2.178251768995034254e-01
1.444946933542086143e-01
1.225198010001049553e-01
2.573945267873183340e-01
1.999213753004633887e-01
2.436234007168716076e-01
1.957831864127301813e-01
2.693698396664387928e-01
1.505101741435854734e-01
2.669420996063598395e-01
2.629513414685762385e-01
2.312358278480965978e-01
2.249708306238904498e-01
2.394046558695590576e-01
2.683696502669219441e-01
1.833734386995304888e-01
2.284739323805657918e-01
2.620579864435574891e-01
2.702240071955852585e-01
1.884298390405554358e-01
2.071142794487785821e-01
2.409769276075941491e-01
2.605027205801206946e-01
2.396005334141690923e-01
2.216349903805605592e-01
2.387233009782461224e-01
2.597138925901694151e-01
2.588566335157116427e-01
1.845129285061970492e-01
2.515880632469480460e-01
1.534196397531939482e-01
1.520114170914137475e-01
2.291703346198987745e-01
2.726130666367021504e-01
2.260526785901673108e-01
1.821987360525900712e-01
1.330444736146061402e-01
1.845479370387161921e-01
1.723433127365243678e-01
1.570195222226251630e-01
2.655040608081034037e-01
1.799484157375310645e-01
2.662299514293104963e-01
2.406292266891867371e-01
1.761221675522630647e-01
2.574636477012406388e-01
1.535279390270538613e-01
1.928641184049784130e-01
2.745367473948636672e-01
1.995832223229729863e-01
2.774228711639148415e-01
1.990207887300341483e-01
2.536668263139469914e-01
2.400869880250970922e-01
2.291703346198987745e-01
2.091882115230649930e-01
1.889411685813104924e-01
2.509367233734476343e-01
2.677950289366561876e-01
2.470563828472052137e-01
2.579746134810374514e-01
2.565462130987707923e-01
2.497329085155097772e-01
2.770256734677909449e-01
2.542441264605050932e-01
2.306839834133915801e-01
2.589843126448325705e-01
1.942289003532398084e-01
2.318494156780266380e-01
2.537760479690538418e-01
2.190443473985990153e-01
2.705584034726280507e-01
2.681930937339940257e-01
2.597809240854340729e-01
2.577736610835481557e-01
2.301846792105042283e-01
1.611830115209622605e-01
1.924625132477686407e-01
2.647537530312584764e-01
2.228405315115908891e-01
2.510220700721168541e-01
2.559057564146316466e-01
1.441353243776593018e-01
1.982086849227178149e-01
1.703698781148430541e-01
2.326096337481553533e-01
2.580488699261467289e-01
2.613689984833245106e-01
2.397583975805961387e-01
2.702592550872173760e-01
2.004798763110171578e-01
2.744134547547822933e-01
2.617050014229818089e-01
1.513420620796299687e-01
2.651830299950530545e-01
2.589318381222378562e-01
2.743918444118875755e-01
2.590544627797326527e-01
2.020830758105942593e-01
1.641425872929733742e-01
2.484447454795963850e-01
2.549303101399171823e-01
2.578727990920217650e-01
2.358965984423786466e-01
2.223494706884503458e-01
1.483997182578669083e-01
1.297655650337077304e-01
1.758288934834553174e-01
2.064374555541226286e-01
1.933564395707021433e-01
2.041440577445188254e-01
1.228236318630608892e-01
2.195141198202588129e-01
1.873952980011530656e-01
2.049062984628475803e-01
2.591413213260063131e-01
2.329036652998652812e-01
8.365655219007184229e-02
1.735064210097867488e-01
2.751707710179651656e-01
1.038210098526795022e-01
2.545344069250914387e-01
2.534144705050813684e-01
1.657083165884447595e-01
2.148222178668701687e-01
2.808106862684098814e-01
2.559594235341009494e-01
1.253818045066505960e-01
1.582320862809316608e-01
2.733740056478399794e-01
2.628563037498281574e-01
2.213569056764770338e-01
2.284171539258883499e-01
1.042771892064155992e-01
2.124721055789180468e-01
2.159650507766590621e-01
2.388025627667618167e-01
1.511674860427234535e-01
2.399658064405967295e-01
2.420959766431751703e-01
1.418956674545457375e-01
1.205315301858167487e-01
2.656671275680606570e-01
2.298826920812180319e-01
2.668079803832670294e-01
1.903244711605385220e-01
2.264742993554449413e-01
2.322700246559508130e-01
2.119320273327396364e-01
1.377345237579188364e-01
2.660553894910497874e-01
2.578764800186323924e-01
1.959111605957044588e-01
2.046405024930511019e-01
1.388340947104653722e-01
1.261359037555846996e-01
2.512990237317334064e-01
2.722486467619305017e-01
2.407807341867220785e-01
2.479780384154910422e-01
2.733124308953218673e-01
2.744134547547822933e-01
2.554133119973993615e-01
2.728816691616451351e-01
2.747244368257000247e-01
2.142445247271336228e-01
2.284251802894585737e-01
2.138706984503038200e-01
2.007438960794321048e-01
2.431609084509789298e-01
2.303869677135503835e-01
2.695866898086709540e-01
2.743721728861832077e-01
2.292236858825713597e-01
7.586792875400139025e-02
2.531201485005336593e-01
2.131631606804482715e-01
1.803280712024584176e-01
2.709443971046070487e-01
2.041440577445188254e-01
1.784363246968805328e-01
2.465334104281318162e-01
2.006976638789659262e-01
2.290134594188586448e-01
2.627989025414967372e-01
1.652442340771997920e-01
2.694366022174241593e-01
2.724773721840332286e-01
2.761193893650730757e-01
2.025019266708536492e-01
2.708537325980255872e-01
1.955840669982844560e-01
2.378639170256864332e-01
2.071719510136240672e-01
1.481705451036665622e-01
1.892033781321247332e-01
1.941631807255728148e-01
2.097391207552847803e-01
2.192928162017260263e-01
2.491899754795161570e-01
2.232918380929023172e-01
2.605027205801206946e-01
2.588499541795430403e-01
2.670274408787598475e-01
2.819723302698582401e-01
2.301319787056606003e-01
1.497103648522468688e-01
1.585285732036343376e-01
1.740310379533012153e-01
2.657532295319882110e-01
2.361379436734392101e-01
2.683574625295950256e-01
2.682462976790960241e-01
2.664000695368029525e-01
1.727428370868899776e-01
1.957268377838401463e-01
2.057169414862203283e-01
2.059194328524434070e-01
1.060792157722252327e-01
2.230994812928654980e-01
2.674946070113666252e-01
2.679080341038426738e-01
1.517153185664588122e-01
2.411453074784670747e-01
1.970790763188867700e-01
2.406286721931012451e-01
9.022077342183099091e-02
2.647110737287610149e-01
2.506882960532417215e-01
1.982422306684803459e-01
2.451333501104979717e-01
2.391211202995373597e-01
2.301319787056606003e-01
2.645350072134524666e-01
2.736205264297772999e-01
2.400944005202543252e-01
2.581032652226511459e-01
2.616460057978278186e-01
2.598027387886574502e-01
1.795980832050592113e-01
2.437892391309466333e-01
2.399375253192141955e-01
2.090069046091427296e-01
1.252071144726398799e-01
2.464939492542654875e-01
2.130657853933488610e-01
2.726855815942474948e-01
2.627476239707311478e-01
2.495900578094714106e-01
2.683696502669219441e-01
2.401894826753228074e-01
2.558650533808402017e-01
2.287690249419238597e-01
2.064178243447498673e-01
2.116653733095628098e-01
7.701918587291434193e-02
1.835732480067466810e-01
2.647110737287610149e-01
2.762148417759053842e-01
2.377994610039078083e-01
2.502965827381862240e-01
1.268710207833665393e-01
2.639174695733892406e-01
2.029356377286752888e-01
2.637930288605048190e-01
2.751707710179651656e-01
2.281442861097984220e-01
2.460120124400493324e-01
1.977772976443263886e-01
2.163404593936748554e-01
2.583053351534720932e-01
1.921272818442441022e-01
1.795635814886047399e-01
2.709588477256135164e-01
2.683750199479488785e-01
2.398587690613114276e-01
2.579569603802580602e-01
2.523675637519326997e-01
2.092687096310674733e-01
2.284170818517070600e-01
2.414643910397868964e-01
2.682195626756742612e-01
2.543157034210539180e-01
2.810333291928186483e-01
2.471514670709193950e-01
2.235501400158357299e-01
2.666539245146584136e-01
2.705151925794933021e-01
2.023522533691082259e-01
2.498863886376749832e-01
2.562920642683454986e-01
2.144740783972798326e-01
2.443337922170512044e-01
1.565921884098440131e-01
1.679596846324686865e-01
2.320596737740103777e-01
1.327398067423271044e-01
2.085280071018651427e-01
2.164887436061153636e-01
2.600600439135227759e-01
2.580963871831887246e-01
2.481700632971923781e-01
1.344634579060581814e-01
1.890958362150989558e-01
2.270221553886511145e-01
2.412678349311674353e-01
2.138958961916355150e-01
3.025149699748395093e-01
2.497350190831371108e-01
2.734662301945158802e-01
1.551008689128803297e-01
2.551350167349433207e-01
2.507526736384013688e-01
2.141976448547540102e-01
2.053809385465621418e-01
2.587881788602643951e-01
2.774967923797637681e-01
1.930181580273302444e-01
1.627122427109792824e-01
2.051884460630954976e-01
1.943171522785602789e-01
2.469111757285897824e-01
1.188524059988225190e-01
1.677991398936971024e-01
1.228236318630608892e-01
1.806218144480720156e-01
2.583291713192803485e-01
2.430089261399421829e-01
2.221488414646008991e-01
2.678990883802079281e-01
1.917390004471908327e-01
2.563441920515456829e-01
2.468605055524601966e-01
1.377345237579188364e-01
1.634612008191451693e-01
2.418909399980497810e-01
2.717542707747480080e-01
2.712753480990670596e-01
2.432933098486005363e-01
1.406058389692965704e-01
1.937613647016318552e-01
2.605066093938583904e-01
2.737071316650974140e-01
2.543231598312596375e-01
2.664416499299697705e-01
2.413139061182532075e-01
2.588393310707592931e-01
1.953785381049417680e-01
2.299190057792364072e-01
2.329499326506603296e-01
2.494267739798212702e-01
1.924625132477686407e-01
2.717542707747480080e-01
2.536668263139469914e-01
2.512977496900132834e-01
2.041440577445188254e-01
2.606278815034714924e-01
1.977823113898260488e-01
2.109628153126195116e-01
2.622724670143057324e-01
1.385852107720442206e-01
2.332905351429763741e-01
2.823520057714210552e-01
2.115237360313866333e-01
2.690928352393564538e-01
2.003593418951075122e-01
2.329499326506603296e-01
2.420238437171597923e-01
2.156834088508885472e-01
1.305133378695799706e-01
1.355768852398924196e-01
1.850239277505965063e-01
1.556722998868629304e-01
2.104614478096404895e-01
2.690989173460733852e-01
2.060554533604355143e-01
2.489388728369874570e-01
1.124139716928391763e-01
2.313804211272110223e-01
1.873575810853802537e-01
1.840920771723322247e-01
2.182343282902854398e-01
1.746390692671662137e-01
2.334796511859238421e-01
2.267965892833911923e-01
1.474677532088648491e-01
2.473577095581562801e-01
2.473710047919128741e-01
1.906352523072625260e-01
2.477114005705525202e-01
1.821320630530554041e-01
1.950933562277485933e-01
1.924625132477686407e-01
2.563842904541875356e-01
2.234079781764295447e-01
1.965728507891011390e-01
1.382044645316460318e-01
1.554809647109625104e-01
2.403715827959409523e-01
2.223494706884503458e-01
7.911122794257430257e-02
2.636088970077956617e-01
2.065720963983892489e-01
2.014828002551993791e-01
1.658182534685801457e-01
2.400704320408300063e-01
1.762224991260623597e-01
1.860417258373514571e-01
2.418730047892507784e-01
2.726855815942474948e-01
1.524030234823259278e-01
2.585869698407261552e-01
2.318494156780266380e-01
2.466234150886608134e-01
1.787663390519202977e-01
2.243584080805565151e-01
2.808020754888440607e-01
2.476853096316604663e-01
1.804257041186367871e-01
2.041192252376990979e-01
2.682462976790960241e-01
2.005101920688936445e-01
2.223452619164598687e-01
3.134882677103298931e-01
2.497462628787587846e-01
2.183183205877421429e-01
2.397583975805961387e-01
1.768973613117958976e-01
2.583826158160897890e-01
2.156616350298001805e-01
2.329970078666834254e-01
2.691592218388070279e-01
2.329499326506603296e-01
2.017719053777566884e-01
2.542228153626853171e-01
2.555313510685213174e-01
2.026967994049684307e-01
2.043265274894281447e-01
2.404703768549838472e-01
2.744957399179712709e-01
1.599673693633745231e-01
2.559939995110962485e-01
2.628563037498281574e-01
1.407162108262678402e-01
2.607414510600802870e-01
2.433252357679256406e-01
1.970790763188867700e-01
2.653114747833731357e-01
2.532255563376208940e-01
1.745650336568083105e-01
9.589577568318219392e-02
2.763374030744198961e-01
2.479370040266912767e-01
2.543231598312596375e-01
2.254138000300800471e-01
2.152976623696325476e-01
2.507111992381547694e-01
2.622289593353031023e-01
1.546080474105933078e-01
2.459609199953565195e-01
2.120660920096604229e-01
1.633620252043135324e-01
2.684595716797240073e-01
2.520313942341578795e-01
2.645350072134524666e-01
