3.889792684576320880e-02
1.428557892368687021e-01
5.947239982015695148e-02
5.947239982015695148e-02
3.889792684576320880e-02
3.315643876732821127e-02
8.654124328042556158e-02
1.075362961626264990e-01
3.406932440878129853e-02
7.220794902884186683e-02
7.864529951551624265e-02
1.751964039274120921e-01
7.864529951551624265e-02
1.009693127493314080e-01
3.193066079256468015e-02
6.145137696207569888e-02
6.145137696207569888e-02
3.997480194904845519e-02
6.736834358506804676e-02
6.252825206536272162e-02
6.488532019859150068e-02
5.947239982015695148e-02
3.889792684576320880e-02
3.889792684576320880e-02
5.947239982015695148e-02
4.233187008227723425e-02
1.357245337218344616e-01
1.701256569465794399e-01
1.680651484123796280e-01
1.428557892368687021e-01
1.751964039274120921e-01
6.016630484851503979e-02
6.736834358506804676e-02
1.724412903293792709e-01
6.516330297792904958e-02
3.279664668087889368e-02
1.075362961626264990e-01
6.736834358506804676e-02
8.183266875214201264e-02
6.736834358506804676e-02
3.443592631736791532e-02
3.370953232233198094e-02
3.512983134572600363e-02
7.864529951551624265e-02
1.357245337218344616e-01
4.233187008227723425e-02
1.075362961626264990e-01
4.233187008227723425e-02
5.597088826339202683e-02
1.075362961626264990e-01
6.016630484851503979e-02
1.736903042259552166e-01
3.889792684576320880e-02
3.899266667558620725e-02
1.260704197626090206e-01
1.075362961626264990e-01
1.751964039274120921e-01
3.997480194904845519e-02
4.233187008227723425e-02
5.891106587933236938e-02
3.889792684576320880e-02
3.521504092220162363e-02
8.183266875214201264e-02
4.233187008227723425e-02
8.183266875214201264e-02
4.233187008227723425e-02
3.406932440878129853e-02
3.889792684576320880e-02
5.947239982015695148e-02
3.889792684576320880e-02
1.643543101450664068e-01
3.889792684576320880e-02
3.250455250562822584e-02
1.534570607579528456e-01
8.183266875214201264e-02
4.233187008227723425e-02
1.075362961626264990e-01
1.749950573347067717e-01
6.154611679190047369e-02
3.997480194904845519e-02
1.075362961626264990e-01
1.436214079313113956e-01
3.315643876732821127e-02
1.428557892368687021e-01
8.183266875214201264e-02
5.776849103851589007e-02
1.975485074510210382e-01
3.997480194904845519e-02
8.183266875214201264e-02
1.075362961626264990e-01
6.736834358506804676e-02
8.183266875214201264e-02
3.889792684576320880e-02
1.436214079313113956e-01
1.189391642475747801e-01
4.233187008227723425e-02
4.233187008227723425e-02
6.145137696207569888e-02
7.933920454387433097e-02
1.428557892368687021e-01
6.288804415181203922e-02
1.082302011909863637e-01
7.220794902884186683e-02
6.252825206536272162e-02
8.183266875214201264e-02
1.769929240299745743e-01
1.075362961626264990e-01
1.428557892368687021e-01
4.233187008227723425e-02
4.233187008227723425e-02
2.772399332072161826e-02
1.075362961626264990e-01
3.889792684576320880e-02
1.751964039274120921e-01
3.370953232233198094e-02
4.233187008227723425e-02
4.033459403549954914e-02
3.906191630759714428e-02
1.075362961626264990e-01
3.889792684576320880e-02
1.605883162729853098e-01
3.906191630759714428e-02
1.075362961626264990e-01
6.288804415181203922e-02
1.641529635523628627e-01
1.738916508186623133e-01
5.947239982015695148e-02
1.189391642475747801e-01
8.252657378050187731e-02
1.075362961626264990e-01
1.428557892368687021e-01
6.252825206536272162e-02
1.751964039274120921e-01
2.456463259417773770e-02
1.075362961626264990e-01
3.775221033234110735e-02
1.075362961626264990e-01
1.307836513072988538e-01
8.972861251705133157e-02
8.183266875214201264e-02
1.751964039274120921e-01
3.889792684576320880e-02
3.406932440878129853e-02
3.512983134572600363e-02
3.370953232233198094e-02
8.903470748869324325e-02
8.972861251705133157e-02
1.751964039274120921e-01
1.004050406475940349e-01
6.145137696207569888e-02
4.233187008227723425e-02
5.947239982015695148e-02
1.686752964572963975e-01
1.189391642475747801e-01
1.075362961626264990e-01
4.983824391340796467e-02
1.428557892368687021e-01
1.428557892368687021e-01
4.033459403549954914e-02
7.864529951551624265e-02
8.252657378050187731e-02
6.736834358506804676e-02
4.233187008227723425e-02
8.183266875214201264e-02
6.252825206536272162e-02
5.947239982015695148e-02
4.163796505392092229e-02
1.075362961626264990e-01
1.050428319543605937e-01
7.541347874803427942e-02
3.997480194904845519e-02
1.680651484123796280e-01
5.947239982015695148e-02
1.075362961626264990e-01
1.220404374588905938e-01
1.428557892368687021e-01
3.798504120431012154e-02
8.252657378050187731e-02
7.864529951551624265e-02
7.864529951551624265e-02
1.075362961626264990e-01
7.987368729365940112e-02
3.485524883575585875e-02
5.234114430512448735e-02
1.643543101450664068e-01
1.075362961626264990e-01
3.889792684576320880e-02
3.443592631736791532e-02
8.183266875214201264e-02
6.736834358506804676e-02
1.744307852329711750e-01
3.512983134572600363e-02
1.629944014315469758e-01
1.434200613386060752e-01
6.145137696207569888e-02
6.016630484851503979e-02
3.279664668087889368e-02
1.693400171180634572e-01
3.512983134572600363e-02
1.751964039274120921e-01
6.736834358506804676e-02
1.744307852329711750e-01
6.516330297792904958e-02
3.775221033234110735e-02
1.075362961626264990e-01
1.075362961626264990e-01
4.233187008227723425e-02
7.864529951551624265e-02
1.655740232459823602e-01
1.428557892368687021e-01
1.364901524162771551e-01
8.127529909030606348e-02
4.062668821075021697e-02
1.109533970694762672e-01
5.947239982015695148e-02
1.769929240299745743e-01
5.947239982015695148e-02
5.171971300549316197e-02
1.075362961626264990e-01
3.889792684576320880e-02
1.428557892368687021e-01
1.260704197626090206e-01
4.545529064773212724e-02
3.761400982778084767e-02
4.233187008227723425e-02
8.183266875214201264e-02
3.635761576301987930e-02
7.027345376967453205e-02
7.864529951551624265e-02
3.406932440878129853e-02
1.584427677309498961e-01
5.947239982015695148e-02
1.075362961626264990e-01
4.233187008227723425e-02
6.516330297792904958e-02
3.997480194904845519e-02
1.428557892368687021e-01
3.990555231703929451e-02
1.459570624481827394e-01
6.516330297792904958e-02
8.183266875214201264e-02
1.189391642475747801e-01
1.075362961626264990e-01
6.252825206536272162e-02
7.933920454387433097e-02
3.775221033234110735e-02
1.189391642475747801e-01
5.552851354175025733e-02
1.572230546300339427e-01
1.075362961626264990e-01
4.233187008227723425e-02
5.171971300549316197e-02
3.899266667558620725e-02
6.252825206536272162e-02
6.736834358506804676e-02
7.027345376967453205e-02
3.370953232233198094e-02
1.701256569465794399e-01
3.370953232233198094e-02
3.889792684576320880e-02
3.997480194904845519e-02
1.075362961626264990e-01
8.903470748869324325e-02
2.657827680729774045e-02
1.075362961626264990e-01
6.736834358506804676e-02
1.075362961626264990e-01
1.751964039274120921e-01
1.325228119514907377e-01
1.534570607579528456e-01
8.654124328042556158e-02
1.428557892368687021e-01
1.075362961626264990e-01
1.489054270573557659e-01
1.075362961626264990e-01
7.541347874803427942e-02
3.889792684576320880e-02
6.736834358506804676e-02
5.947239982015695148e-02
3.683932469088802009e-02
5.947239982015695148e-02
1.260704197626090206e-01
6.318013832706448341e-02
1.751964039274120921e-01
3.761400982778084767e-02
6.016630484851503979e-02
6.736834358506804676e-02
3.889792684576320880e-02
3.889792684576320880e-02
1.655740232459823602e-01
1.428557892368687021e-01
8.115592974778707003e-02
1.751964039274120921e-01
4.233187008227723425e-02
3.889792684576320880e-02
1.751964039274120921e-01
8.183266875214201264e-02
4.644543892660912832e-02
8.252657378050187731e-02
1.428557892368687021e-01
6.252825206536272162e-02
1.436214079313113956e-01
3.370953232233198094e-02
8.972861251705133157e-02
3.889792684576320880e-02
6.145137696207569888e-02
3.889792684576320880e-02
5.776849103851589007e-02
1.075362961626264990e-01
4.545529064773212724e-02
3.406932440878129853e-02
3.889792684576320880e-02
1.751964039274120921e-01
4.233187008227723425e-02
3.889792684576320880e-02
7.470141323710777215e-02
4.233187008227723425e-02
1.749950573347067717e-01
6.736834358506804676e-02
3.889792684576320880e-02
3.775221033234110735e-02
6.736834358506804676e-02
6.145137696207569888e-02
1.083019148570691925e-01
5.947239982015695148e-02
1.428557892368687021e-01
3.889792684576320880e-02
1.428557892368687021e-01
4.233187008227723425e-02
7.299771564529144996e-02
3.889792684576320880e-02
3.512983134572600363e-02
4.233187008227723425e-02
3.635761576301987930e-02
1.584427677309498961e-01
4.944031689309191790e-02
6.488532019859150068e-02
5.234114430512448735e-02
1.075362961626264990e-01
1.640978079475932105e-01
1.075362961626264990e-01
1.075362961626264990e-01
3.406932440878129853e-02
8.972861251705133157e-02
1.298364136346918940e-01
3.279664668087889368e-02
1.189391642475747801e-01
8.972861251705133157e-02
8.183266875214201264e-02
3.406932440878129853e-02
6.686302425062251586e-02
1.640978079475932105e-01
3.889792684576320880e-02
9.453441976013188253e-02
3.512983134572600363e-02
3.406932440878129853e-02
1.428557892368687021e-01
1.751964039274120921e-01
1.428557892368687021e-01
3.997480194904845519e-02
3.889792684576320880e-02
1.189391642475747801e-01
3.889792684576320880e-02
1.428557892368687021e-01
3.406932440878129853e-02
6.736834358506804676e-02
7.933920454387433097e-02
7.864529951551624265e-02
3.853813475931389121e-02
1.428557892368687021e-01
6.736834358506804676e-02
1.428557892368687021e-01
1.075362961626264990e-01
9.791157643932635324e-02
1.655740232459823602e-01
3.341743814707953675e-02
1.075362961626264990e-01
3.889792684576320880e-02
7.933920454387433097e-02
1.075362961626264990e-01
4.233187008227723425e-02
3.889792684576320880e-02
7.933920454387433097e-02
6.488532019859150068e-02
3.889792684576320880e-02
3.889792684576320880e-02
6.145137696207569888e-02
1.436214079313113956e-01
4.233187008227723425e-02
3.406932440878129853e-02
4.233187008227723425e-02
1.436214079313113956e-01
7.470141323710777215e-02
4.545529064773212724e-02
1.075362961626264990e-01
1.436214079313113956e-01
1.655740232459823602e-01
4.233187008227723425e-02
3.889792684576320880e-02
8.654124328042556158e-02
4.233187008227723425e-02
4.260985286161655949e-02
6.252825206536272162e-02
1.436214079313113956e-01
1.075362961626264990e-01
4.233187008227723425e-02
3.906191630759714428e-02
6.145137696207569888e-02
1.436214079313113956e-01
1.262717663553161174e-01
3.889792684576320880e-02
1.075362961626264990e-01
6.736834358506804676e-02
1.534570607579528456e-01
3.889792684576320880e-02
1.078521238581640063e-01
1.189391642475747801e-01
3.250455250562822584e-02
3.889792684576320880e-02
6.899888904292339475e-02
3.520061456724299376e-02
1.075362961626264990e-01
6.252825206536272162e-02
1.680651484123796280e-01
1.262717663553161174e-01
4.026689612430267573e-02
1.678638018196743076e-01
1.436214079313113956e-01
1.642991545402985309e-01
3.889792684576320880e-02
1.436214079313113956e-01
6.145137696207569888e-02
3.997480194904845519e-02
1.680651484123796280e-01
7.864529951551624265e-02
4.233187008227723425e-02
5.947239982015695148e-02
8.183266875214201264e-02
6.667443855670818209e-02
6.736834358506804676e-02
1.096967802284680715e-01
1.106375693739405364e-01
5.234114430512448735e-02
6.252825206536272162e-02
3.889792684576320880e-02
1.678638018196743076e-01
1.428557892368687021e-01
1.428557892368687021e-01
3.889792684576320880e-02
3.406932440878129853e-02
3.889792684576320880e-02
8.259828744658648247e-02
1.627930548388416554e-01
4.233187008227723425e-02
6.488532019859150068e-02
4.233187008227723425e-02
1.357245337218344616e-01
7.864529951551624265e-02
4.233187008227723425e-02
3.279664668087889368e-02
7.933920454387433097e-02
1.075362961626264990e-01
6.318013832706448341e-02
1.751964039274120921e-01
3.406932440878129853e-02
8.972861251705133157e-02
3.889792684576320880e-02
4.233187008227723425e-02
4.233187008227723425e-02
4.233187008227723425e-02
7.055571282169381675e-02
1.078521238581640063e-01
8.903470748869324325e-02
7.933920454387433097e-02
7.822763848188429847e-02
6.145137696207569888e-02
3.889792684576320880e-02
3.889792684576320880e-02
4.233187008227723425e-02
8.183266875214201264e-02
6.899888904292339475e-02
1.436214079313113956e-01
6.318013832706448341e-02
8.183266875214201264e-02
1.075362961626264990e-01
4.233187008227723425e-02
1.075362961626264990e-01
3.889792684576320880e-02
5.740869895206834883e-02
1.075362961626264990e-01
6.145137696207569888e-02
1.605883162729853098e-01
3.889792684576320880e-02
8.183266875214201264e-02
3.889792684576320880e-02
4.721627673658446156e-02
3.406932440878129853e-02
4.233187008227723425e-02
1.075362961626264990e-01
3.889792684576320880e-02
1.428557892368687021e-01
1.364901524162771551e-01
7.933920454387433097e-02
6.488532019859150068e-02
1.189391642475747801e-01
9.791157643932635324e-02
3.521504092220162363e-02
6.736834358506804676e-02
3.889792684576320880e-02
7.864529951551624265e-02
8.252657378050187731e-02
4.163796505392092229e-02
3.406932440878129853e-02
4.233187008227723425e-02
3.169588810921197819e-02
4.233187008227723425e-02
8.972861251705133157e-02
1.436214079313113956e-01
1.532557141652475252e-01
6.808600340147208385e-02
8.252657378050187731e-02
3.512983134572600363e-02
4.118011704379220816e-02
4.233187008227723425e-02
4.033459403549954914e-02
3.906191630759714428e-02
6.516330297792904958e-02
3.370953232233198094e-02
8.183266875214201264e-02
5.776849103851589007e-02
1.749950573347067717e-01
1.726426369220828150e-01
8.654124328042556158e-02
4.371707650495437747e-02
3.889792684576320880e-02
1.751964039274120921e-01
3.485524883575585875e-02
7.933920454387433097e-02
3.443592631736791532e-02
1.428557892368687021e-01
1.075362961626264990e-01
5.947239982015695148e-02
6.736834358506804676e-02
4.233187008227723425e-02
6.736834358506804676e-02
3.889792684576320880e-02
6.736834358506804676e-02
3.889792684576320880e-02
8.252657378050187731e-02
3.521504092220162363e-02
3.889792684576320880e-02
6.736834358506804676e-02
4.233187008227723425e-02
3.370953232233198094e-02
1.075362961626264990e-01
3.443592631736791532e-02
5.947239982015695148e-02
1.075362961626264990e-01
6.736834358506804676e-02
4.233187008227723425e-02
6.516330297792904958e-02
1.075362961626264990e-01
1.572230546300339427e-01
6.736834358506804676e-02
3.889792684576320880e-02
8.151572183423816398e-02
4.233187008227723425e-02
4.233187008227723425e-02
1.260704197626090206e-01
8.252657378050187731e-02
4.233187008227723425e-02
3.889792684576320880e-02
1.075362961626264990e-01
1.357245337218344616e-01
1.769929240299745743e-01
7.864529951551624265e-02
1.122448706909118243e-01
1.428557892368687021e-01
1.124381705500852036e-01
1.655740232459823602e-01
3.512983134572600363e-02
3.169588810921197819e-02
1.680651484123796280e-01
1.680651484123796280e-01
6.800874076404639368e-02
1.078521238581640063e-01
1.109533970694762672e-01
4.233187008227723425e-02
3.889792684576320880e-02
7.933920454387433097e-02
7.864529951551624265e-02
3.889792684576320880e-02
1.436214079313113956e-01
1.428557892368687021e-01
1.189391642475747801e-01
6.736834358506804676e-02
3.889792684576320880e-02
4.233187008227723425e-02
6.252825206536272162e-02
4.430957413431002578e-02
9.190182991057938011e-02
1.075362961626264990e-01
1.428557892368687021e-01
1.642991545402985309e-01
7.933920454387433097e-02
6.516330297792904958e-02
3.889792684576320880e-02
1.357245337218344616e-01
1.428557892368687021e-01
3.889792684576320880e-02
1.075362961626264990e-01
1.680651484123796280e-01
1.769929240299745743e-01
1.075362961626264990e-01
1.436214079313113956e-01
7.864529951551624265e-02
1.428557892368687021e-01
3.889792684576320880e-02
1.655740232459823602e-01
5.044426552897895988e-02
3.889792684576320880e-02
1.435496942652285668e-01
3.889792684576320880e-02
6.252825206536272162e-02
1.655740232459823602e-01
1.189391642475747801e-01
5.947239982015695148e-02
1.050428319543605937e-01
4.233187008227723425e-02
4.033459403549954914e-02
3.450670953888490544e-02
4.233187008227723425e-02
7.864529951551624265e-02
3.370953232233198094e-02
3.775221033234110735e-02
6.736834358506804676e-02
4.233187008227723425e-02
6.145137696207569888e-02
8.183266875214201264e-02
7.864529951551624265e-02
8.183266875214201264e-02
7.933920454387433097e-02
3.370953232233198094e-02
6.736834358506804676e-02
6.736834358506804676e-02
6.252825206536272162e-02
1.260704197626090206e-01
4.233187008227723425e-02
6.667443855670818209e-02
3.889792684576320880e-02
3.775221033234110735e-02
6.016630484851503979e-02
6.736834358506804676e-02
1.075362961626264990e-01
3.485524883575585875e-02
3.512983134572600363e-02
3.370953232233198094e-02
3.889792684576320880e-02
3.512983134572600363e-02
3.889792684576320880e-02
3.889792684576320880e-02
5.234114430512448735e-02
3.889792684576320880e-02
6.516330297792904958e-02
3.853813475931389121e-02
3.889792684576320880e-02
1.751964039274120921e-01
1.782976771387279058e-01
1.009693127493314080e-01
3.169588810921197819e-02
1.075362961626264990e-01
1.584427677309498961e-01
5.234114430512448735e-02
1.428557892368687021e-01
1.570217080373286223e-01
4.233187008227723425e-02
9.791157643932635324e-02
1.075362961626264990e-01
4.233187008227723425e-02
4.233187008227723425e-02
1.075362961626264990e-01
3.997480194904845519e-02
4.233187008227723425e-02
1.751964039274120921e-01
1.000379371253075078e-01
3.997480194904845519e-02
1.081005682643638721e-01
4.233187008227723425e-02
3.889792684576320880e-02
1.075362961626264990e-01
8.183266875214201264e-02
3.889792684576320880e-02
4.233187008227723425e-02
4.233187008227723425e-02
1.627930548388416554e-01
1.260704197626090206e-01
1.109533970694762672e-01
4.233187008227723425e-02
3.889792684576320880e-02
8.183266875214201264e-02
5.947239982015695148e-02
3.889792684576320880e-02
1.643543101450664068e-01
4.233187008227723425e-02
6.488532019859150068e-02
4.233187008227723425e-02
1.845323980083009019e-01
8.654124328042556158e-02
1.075362961626264990e-01
1.584427677309498961e-01
8.972861251705133157e-02
8.183266875214201264e-02
3.997480194904845519e-02
6.736834358506804676e-02
1.050428319543605937e-01
6.736834358506804676e-02
1.075362961626264990e-01
1.436214079313113956e-01
3.485524883575585875e-02
1.185335131388516317e-01
6.161536642391141072e-02
7.055571282169381675e-02
1.075362961626264990e-01
1.751964039274120921e-01
4.648979016890031346e-02
6.335367408514080978e-02
6.736834358506804676e-02
7.220794902884186683e-02
6.736834358506804676e-02
1.075362961626264990e-01
3.406932440878129853e-02
1.428557892368687021e-01
8.183266875214201264e-02
1.751964039274120921e-01
6.335367408514080978e-02
6.516330297792904958e-02
1.109533970694762672e-01
1.428557892368687021e-01
4.819122661209718217e-02
1.075362961626264990e-01
3.906191630759714428e-02
3.406932440878129853e-02
6.109158487562815765e-02
6.736834358506804676e-02
1.751964039274120921e-01
3.370953232233198094e-02
3.889792684576320880e-02
1.043489269260025054e-01
4.233187008227723425e-02
1.403927056469758128e-01
1.751964039274120921e-01
4.233187008227723425e-02
1.643543101450664068e-01
1.075362961626264990e-01
1.189391642475747801e-01
1.078521238581640063e-01
3.169588810921197819e-02
3.370953232233198094e-02
3.250455250562822584e-02
1.075362961626264990e-01
1.109533970694762672e-01
6.145137696207569888e-02
1.657753698386894570e-01
3.889792684576320880e-02
3.889792684576320880e-02
1.075362961626264990e-01
6.667443855670818209e-02
1.089958198854290572e-01
3.512983134572600363e-02
3.889792684576320880e-02
1.584427677309498961e-01
6.145137696207569888e-02
1.075362961626264990e-01
4.233187008227723425e-02
8.183266875214201264e-02
3.889792684576320880e-02
4.177240472417231842e-02
7.151404400048377852e-02
4.233187008227723425e-02
2.980025196105096086e-02
3.889792684576320880e-02
3.906191630759714428e-02
1.436214079313113956e-01
3.889792684576320880e-02
3.512983134572600363e-02
1.428557892368687021e-01
3.521504092220162363e-02
5.947239982015695148e-02
6.288804415181203922e-02
4.233187008227723425e-02
4.233187008227723425e-02
4.233187008227723425e-02
1.751964039274120921e-01
4.233187008227723425e-02
1.672995297179369345e-01
6.145137696207569888e-02
3.889792684576320880e-02
8.183266875214201264e-02
3.906191630759714428e-02
6.736834358506804676e-02
3.485524883575585875e-02
8.903470748869324325e-02
1.428557892368687021e-01
1.751964039274120921e-01
5.947239982015695148e-02
1.428557892368687021e-01
6.516330297792904958e-02
4.233187008227723425e-02
7.933920454387433097e-02
1.189391642475747801e-01
3.406932440878129853e-02
1.075362961626264990e-01
6.252825206536272162e-02
4.233187008227723425e-02
4.233187008227723425e-02
1.643543101450664068e-01
4.233187008227723425e-02
8.654124328042556158e-02
1.075362961626264990e-01
3.775221033234110735e-02
3.889792684576320880e-02
1.436214079313113956e-01
4.233187008227723425e-02
1.436214079313113956e-01
1.428557892368687021e-01
8.972861251705133157e-02
1.075362961626264990e-01
8.183266875214201264e-02
1.122820626333655980e-01
1.428557892368687021e-01
4.233187008227723425e-02
8.437657230162010080e-02
4.233187008227723425e-02
1.603869696802799893e-01
6.736834358506804676e-02
3.906191630759714428e-02
4.233187008227723425e-02
1.075362961626264990e-01
4.026689612430267573e-02
6.667443855670818209e-02
3.889792684576320880e-02
4.233187008227723425e-02
3.406932440878129853e-02
4.233187008227723425e-02
8.252657378050187731e-02
4.233187008227723425e-02
3.169588810921197819e-02
8.903470748869324325e-02
4.233187008227723425e-02
3.889792684576320880e-02
1.678638018196743076e-01
6.736834358506804676e-02
3.889792684576320880e-02
5.947239982015695148e-02
7.864529951551624265e-02
3.370953232233198094e-02
1.075362961626264990e-01
6.800874076404639368e-02
3.889792684576320880e-02
1.075362961626264990e-01
3.889792684576320880e-02
1.075362961626264990e-01
1.428557892368687021e-01
3.889792684576320880e-02
1.534570607579528456e-01
3.889792684576320880e-02
3.485524883575585875e-02
4.233187008227723425e-02
1.655740232459823602e-01
3.443592631736791532e-02
5.776849103851589007e-02
3.512983134572600363e-02
1.751964039274120921e-01
1.075362961626264990e-01
6.736834358506804676e-02
2.730467080233367483e-02
6.252825206536272162e-02
1.078521238581640063e-01
1.749950573347067717e-01
1.428557892368687021e-01
1.075362961626264990e-01
4.233187008227723425e-02
1.075362961626264990e-01
1.075362961626264990e-01
8.654124328042556158e-02
5.947239982015695148e-02
3.889792684576320880e-02
1.751964039274120921e-01
1.751964039274120921e-01
4.033459403549954914e-02
3.176667133072896831e-02
1.082302011909863637e-01
6.145137696207569888e-02
3.889792684576320880e-02
3.889792684576320880e-02
1.436214079313113956e-01
3.889792684576320880e-02
3.889792684576320880e-02
3.997480194904845519e-02
1.428557892368687021e-01
3.377723023352885434e-02
1.467226811426236566e-01
3.485524883575585875e-02
4.233187008227723425e-02
3.341743814707953675e-02
5.947239982015695148e-02
3.443592631736791532e-02
1.435496942652285668e-01
1.043861188684562791e-01
3.889792684576320880e-02
1.701256569465794399e-01
6.808600340147208385e-02
1.467226811426236566e-01
5.947239982015695148e-02
1.678638018196743076e-01
8.183266875214201264e-02
6.145137696207569888e-02
4.233187008227723425e-02
6.145137696207569888e-02
3.443592631736791532e-02
6.488532019859150068e-02
6.318013832706448341e-02
1.436214079313113956e-01
3.997480194904845519e-02
1.655740232459823602e-01
6.899888904292339475e-02
3.889792684576320880e-02
8.992179370138231320e-02
3.443592631736791532e-02
8.183266875214201264e-02
7.074467672841144861e-02
7.864529951551624265e-02
5.947239982015695148e-02
6.252825206536272162e-02
3.889792684576320880e-02
4.233187008227723425e-02
3.889792684576320880e-02
3.889792684576320880e-02
7.864529951551624265e-02
6.667443855670818209e-02
4.233187008227723425e-02
8.903470748869324325e-02
6.265976905678449782e-02
6.736834358506804676e-02
6.736834358506804676e-02
3.370953232233198094e-02
8.183266875214201264e-02
8.972861251705133157e-02
6.944055172563956546e-02
1.436214079313113956e-01
1.113314744022986247e-01
3.477003925927668604e-02
3.485524883575585875e-02
7.864529951551624265e-02
1.655740232459823602e-01
1.075362961626264990e-01
6.016630484851503979e-02
1.975485074510210382e-01
3.775221033234110735e-02
6.288804415181203922e-02
6.899888904292339475e-02
4.233187008227723425e-02
3.889792684576320880e-02
6.318013832706448341e-02
3.889792684576320880e-02
1.428557892368687021e-01
6.288804415181203922e-02
1.751964039274120921e-01
1.075362961626264990e-01
7.055571282169381675e-02
3.889792684576320880e-02
3.889792684576320880e-02
8.151572183423816398e-02
8.183266875214201264e-02
4.233187008227723425e-02
4.033459403549954914e-02
3.512983134572600363e-02
1.751964039274120921e-01
3.889792684576320880e-02
1.075362961626264990e-01
6.145137696207569888e-02
1.075362961626264990e-01
8.183266875214201264e-02
1.428557892368687021e-01
1.751964039274120921e-01
1.751964039274120921e-01
1.436214079313113956e-01
4.233187008227723425e-02
1.686752964572963975e-01
1.428557892368687021e-01
8.183266875214201264e-02
3.997480194904845519e-02
4.233187008227723425e-02
1.678638018196743076e-01
1.428557892368687021e-01
8.183266875214201264e-02
1.751964039274120921e-01
8.183266875214201264e-02
1.428557892368687021e-01
1.075362961626264990e-01
6.016630484851503979e-02
6.516330297792904958e-02
1.428557892368687021e-01
4.233187008227723425e-02
3.889792684576320880e-02
6.667443855670818209e-02
1.260704197626090206e-01
3.521504092220162363e-02
4.233187008227723425e-02
6.273055227829971159e-02
4.033459403549954914e-02
1.680651484123796280e-01
1.083019148570691925e-01
3.889792684576320880e-02
3.889792684576320880e-02
5.947239982015695148e-02
3.853813475931389121e-02
6.736834358506804676e-02
1.362888058235718347e-01
4.233187008227723425e-02
1.436214079313113956e-01
3.997480194904845519e-02
1.641529635523628627e-01
6.736834358506804676e-02
1.436214079313113956e-01
3.889792684576320880e-02
1.078521238581640063e-01
1.467226811426236566e-01
6.516330297792904958e-02
3.889792684576320880e-02
3.889792684576320880e-02
1.751964039274120921e-01
6.899888904292339475e-02
7.255605296257527925e-02
5.947239982015695148e-02
1.004050406475940349e-01
4.163796505392092229e-02
3.889792684576320880e-02
1.428557892368687021e-01
4.233187008227723425e-02
1.436214079313113956e-01
3.997480194904845519e-02
1.078521238581640063e-01
1.436214079313113956e-01
1.751964039274120921e-01
1.428557892368687021e-01
3.889792684576320880e-02
6.288804415181203922e-02
6.808600340147208385e-02
6.552309506438014353e-02
7.081026527708900176e-02
1.189391642475747801e-01
6.318013832706448341e-02
4.233187008227723425e-02
1.751964039274120921e-01
1.878350178123202596e-01
7.055571282169381675e-02
6.736834358506804676e-02
1.562380291650953268e-01
1.075362961626264990e-01
6.016630484851503979e-02
1.436214079313113956e-01
6.145137696207569888e-02
8.183266875214201264e-02
3.406932440878129853e-02
5.947239982015695148e-02
1.004050406475940349e-01
9.721767141096826492e-02
1.640978079475932105e-01
4.233187008227723425e-02
3.997480194904845519e-02
6.736834358506804676e-02
3.853813475931389121e-02
3.370953232233198094e-02
4.233187008227723425e-02
1.751964039274120921e-01
4.233187008227723425e-02
1.075362961626264990e-01
4.233187008227723425e-02
4.233187008227723425e-02
6.252825206536272162e-02
3.889792684576320880e-02
1.075362961626264990e-01
1.357245337218344616e-01
1.603869696802799893e-01
1.751964039274120921e-01
3.889792684576320880e-02
1.428557892368687021e-01
3.997480194904845519e-02
4.233187008227723425e-02
3.889792684576320880e-02
1.751964039274120921e-01
1.189391642475747801e-01
6.145137696207569888e-02
8.992179370138231320e-02
6.657093007537184803e-02
1.428557892368687021e-01
1.428557892368687021e-01
3.906191630759714428e-02
1.082302011909863637e-01
3.889792684576320880e-02
4.233187008227723425e-02
6.800874076404639368e-02
3.406932440878129853e-02
3.889792684576320880e-02
4.233187008227723425e-02
3.443592631736791532e-02
1.082302011909863637e-01
3.775221033234110735e-02
3.512983134572600363e-02
1.584427677309498961e-01
1.436214079313113956e-01
4.233187008227723425e-02
6.667443855670818209e-02
8.183266875214201264e-02
7.470141323710777215e-02
1.751964039274120921e-01
4.233187008227723425e-02
1.364901524162771551e-01
1.751964039274120921e-01
6.016630484851503979e-02
6.736834358506804676e-02
3.889792684576320880e-02
3.899266667558620725e-02
1.615440409422621570e-01
1.751964039274120921e-01
3.889792684576320880e-02
1.075362961626264990e-01
7.933920454387433097e-02
8.183266875214201264e-02
1.075362961626264990e-01
1.655740232459823602e-01
3.889792684576320880e-02
6.288804415181203922e-02
3.889792684576320880e-02
9.423588666245841239e-02
1.083019148570691925e-01
4.545529064773212724e-02
7.864529951551624265e-02
3.370953232233198094e-02
3.635761576301987930e-02
1.075362961626264990e-01
3.635761576301987930e-02
5.947239982015695148e-02
1.075362961626264990e-01
8.183266875214201264e-02
3.889792684576320880e-02
7.864529951551624265e-02
8.972861251705133157e-02
1.436214079313113956e-01
3.889792684576320880e-02
7.933920454387433097e-02
5.947239982015695148e-02
8.183266875214201264e-02
5.947239982015695148e-02
1.075362961626264990e-01
7.864529951551624265e-02
4.233187008227723425e-02
7.864529951551624265e-02
4.233187008227723425e-02
8.183266875214201264e-02
4.233187008227723425e-02
3.889792684576320880e-02
4.233187008227723425e-02
7.541347874803427942e-02
3.889792684576320880e-02
1.428557892368687021e-01
5.947239982015695148e-02
4.233187008227723425e-02
4.233187008227723425e-02
1.260704197626090206e-01
6.736834358506804676e-02
6.736834358506804676e-02
1.075362961626264990e-01
4.983824391340796467e-02
1.362888058235718347e-01
1.428557892368687021e-01
1.751964039274120921e-01
3.443592631736791532e-02
1.738916508186623133e-01
7.470141323710777215e-02
1.751964039274120921e-01
1.260704197626090206e-01
6.252825206536272162e-02
3.997480194904845519e-02
1.751964039274120921e-01
3.889792684576320880e-02
8.183266875214201264e-02
6.288804415181203922e-02
8.183266875214201264e-02
1.751964039274120921e-01
1.615440409422621570e-01
1.643543101450664068e-01
3.889792684576320880e-02
6.145137696207569888e-02
8.183266875214201264e-02
5.947239982015695148e-02
4.233187008227723425e-02
3.997480194904845519e-02
6.736834358506804676e-02
3.443592631736791532e-02
3.889792684576320880e-02
3.485524883575585875e-02
3.279664668087889368e-02
8.972861251705133157e-02
3.997480194904845519e-02
1.075362961626264990e-01
3.889792684576320880e-02
1.672542367636751237e-01
1.300897462789407655e-01
6.736834358506804676e-02
3.512983134572600363e-02
8.252657378050187731e-02
3.889792684576320880e-02
3.990555231703929451e-02
4.233187008227723425e-02
6.252825206536272162e-02
3.521504092220162363e-02
6.581518923963081136e-02
4.233187008227723425e-02
8.183266875214201264e-02
3.889792684576320880e-02
1.075362961626264990e-01
1.075362961626264990e-01
1.847337446010062223e-01
1.434200613386060752e-01
1.876336712196149392e-01
8.252657378050187731e-02
1.189391642475747801e-01
7.933920454387433097e-02
4.233187008227723425e-02
1.428557892368687021e-01
6.899888904292339475e-02
3.512983134572600363e-02
4.233187008227723425e-02
8.183266875214201264e-02
3.406932440878129853e-02
6.281879451980110218e-02
3.889792684576320880e-02
6.488532019859150068e-02
6.736834358506804676e-02
1.680651484123796280e-01
1.075362961626264990e-01
8.654124328042556158e-02
3.443592631736791532e-02
8.183266875214201264e-02
1.744307852329711750e-01
3.889792684576320880e-02
1.532557141652475252e-01
6.252825206536272162e-02
1.075362961626264990e-01
4.233187008227723425e-02
3.889792684576320880e-02
3.512983134572600363e-02
7.470141323710777215e-02
6.318013832706448341e-02
1.428557892368687021e-01
4.233187008227723425e-02
1.680651484123796280e-01
1.751964039274120921e-01
3.406932440878129853e-02
1.532557141652475252e-01
1.075362961626264990e-01
3.512983134572600363e-02
1.075362961626264990e-01
1.075362961626264990e-01
3.443592631736791532e-02
7.933920454387433097e-02
1.291716929739230579e-01
1.109533970694762672e-01
8.972861251705133157e-02
1.075362961626264990e-01
7.864529951551624265e-02
7.864529951551624265e-02
1.075362961626264990e-01
3.889792684576320880e-02
6.016630484851503979e-02
1.584427677309498961e-01
3.889792684576320880e-02
8.972861251705133157e-02
4.233187008227723425e-02
4.233187008227723425e-02
8.252657378050187731e-02
7.933920454387433097e-02
1.751964039274120921e-01
3.997480194904845519e-02
5.947239982015695148e-02
6.516330297792904958e-02
3.889792684576320880e-02
3.889792684576320880e-02
4.233187008227723425e-02
4.062668821075021697e-02
4.233187008227723425e-02
3.775221033234110735e-02
1.744307852329711750e-01
4.233187008227723425e-02
3.370953232233198094e-02
4.233187008227723425e-02
5.947239982015695148e-02
7.864529951551624265e-02
1.428557892368687021e-01
1.075362961626264990e-01
7.470141323710777215e-02
4.233187008227723425e-02
1.751964039274120921e-01
4.233187008227723425e-02
1.428557892368687021e-01
3.889792684576320880e-02
1.724412903293792709e-01
3.512983134572600363e-02
3.889792684576320880e-02
4.233187008227723425e-02
8.183266875214201264e-02
3.889792684576320880e-02
6.145137696207569888e-02
3.279664668087889368e-02
1.189391642475747801e-01
7.933920454387433097e-02
6.736834358506804676e-02
3.889792684576320880e-02
3.889792684576320880e-02
3.512983134572600363e-02
1.075362961626264990e-01
1.075362961626264990e-01
1.751964039274120921e-01
3.889792684576320880e-02
6.252825206536272162e-02
4.233187008227723425e-02
3.370953232233198094e-02
1.075362961626264990e-01
3.997480194904845519e-02
4.233187008227723425e-02
5.947239982015695148e-02
1.075362961626264990e-01
7.933920454387433097e-02
4.233187008227723425e-02
4.233187008227723425e-02
5.776849103851589007e-02
1.459570624481827394e-01
8.183266875214201264e-02
1.622087616030309931e-01
6.488532019859150068e-02
6.516330297792904958e-02
5.776849103851589007e-02
4.062668821075021697e-02
1.751964039274120921e-01
6.852766608418825456e-02
3.485524883575585875e-02
1.075362961626264990e-01
1.075362961626264990e-01
4.233187008227723425e-02
3.889792684576320880e-02
1.073349495699229550e-01
6.736834358506804676e-02
8.183266875214201264e-02
1.603869696802799893e-01
4.163796505392092229e-02
3.279664668087889368e-02
1.075362961626264990e-01
4.233187008227723425e-02
6.488532019859150068e-02
1.751964039274120921e-01
8.183266875214201264e-02
4.233187008227723425e-02
3.140687924427965072e-02
1.428557892368687021e-01
3.512983134572600363e-02
4.233187008227723425e-02
7.085461651937663419e-02
1.075362961626264990e-01
3.997480194904845519e-02
4.233187008227723425e-02
3.889792684576320880e-02
1.075362961626264990e-01
6.736834358506804676e-02
3.512983134572600363e-02
4.163796505392092229e-02
4.163796505392092229e-02
1.075362961626264990e-01
4.233187008227723425e-02
8.654124328042556158e-02
3.997480194904845519e-02
4.233187008227723425e-02
4.233187008227723425e-02
1.655740232459823602e-01
1.075362961626264990e-01
1.584427677309498961e-01
3.889792684576320880e-02
3.889792684576320880e-02
1.738916508186623133e-01
3.889792684576320880e-02
1.751964039274120921e-01
5.947239982015695148e-02
1.260704197626090206e-01
6.265976905678449782e-02
6.016630484851503979e-02
1.075362961626264990e-01
1.749950573347067717e-01
1.489054270573557659e-01
3.443592631736791532e-02
4.233187008227723425e-02
5.947239982015695148e-02
4.233187008227723425e-02
1.751964039274120921e-01
8.183266875214201264e-02
4.233187008227723425e-02
8.998382927203074644e-02
3.889792684576320880e-02
6.245900243335356095e-02
7.864529951551624265e-02
4.233187008227723425e-02
5.947239982015695148e-02
4.233187008227723425e-02
3.370953232233198094e-02
3.889792684576320880e-02
1.428557892368687021e-01
1.428557892368687021e-01
1.075362961626264990e-01
4.233187008227723425e-02
8.183266875214201264e-02
4.233187008227723425e-02
7.933920454387433097e-02
7.933920454387433097e-02
5.552851354175025733e-02
1.749950573347067717e-01
1.680651484123796280e-01
1.075362961626264990e-01
3.889792684576320880e-02
3.997480194904845519e-02
3.906191630759714428e-02
7.541347874803427942e-02
8.654124328042556158e-02
8.183266875214201264e-02
3.512983134572600363e-02
3.169588810921197819e-02
1.436214079313113956e-01
3.997480194904845519e-02
6.265976905678449782e-02
3.485524883575585875e-02
3.370953232233198094e-02
6.252825206536272162e-02
5.947239982015695148e-02
1.075362961626264990e-01
3.406932440878129853e-02
3.889792684576320880e-02
6.736834358506804676e-02
1.572230546300339427e-01
3.889792684576320880e-02
1.428557892368687021e-01
1.744307852329711750e-01
1.428557892368687021e-01
6.145137696207569888e-02
1.075362961626264990e-01
1.075362961626264990e-01
1.570217080373286223e-01
3.889792684576320880e-02
1.428557892368687021e-01
5.947239982015695148e-02
8.992179370138231320e-02
3.370953232233198094e-02
1.075362961626264990e-01
1.075362961626264990e-01
1.109533970694762672e-01
6.736834358506804676e-02
1.751964039274120921e-01
1.075362961626264990e-01
5.394960523130265528e-02
3.512983134572600363e-02
5.740869895206834883e-02
4.430957413431002578e-02
6.252825206536272162e-02
4.233187008227723425e-02
1.428557892368687021e-01
1.751964039274120921e-01
3.443592631736791532e-02
1.678638018196743076e-01
5.947239982015695148e-02
4.233187008227723425e-02
1.082302011909863637e-01
7.933920454387433097e-02
4.233187008227723425e-02
1.627930548388416554e-01
3.169588810921197819e-02
7.055571282169381675e-02
3.889792684576320880e-02
6.516330297792904958e-02
4.233187008227723425e-02
1.678638018196743076e-01
1.736351486211873407e-01
1.090946933967398280e-01
1.751964039274120921e-01
6.016630484851503979e-02
1.436214079313113956e-01
7.933920454387433097e-02
3.889792684576320880e-02
1.004050406475940349e-01
3.889792684576320880e-02
7.864529951551624265e-02
2.113779004675286899e-02
4.033459403549954914e-02
6.252825206536272162e-02
1.428557892368687021e-01
1.078521238581640063e-01
7.864529951551624265e-02
6.516330297792904958e-02
1.075362961626264990e-01
8.654124328042556158e-02
1.635335358458558375e-01
1.050800238968143674e-01
5.171971300549316197e-02
4.233187008227723425e-02
3.485524883575585875e-02
3.889792684576320880e-02
1.357245337218344616e-01
4.233187008227723425e-02
4.233187008227723425e-02
3.853813475931389121e-02
4.033459403549954914e-02
1.011987496318305091e-01
1.043345743922827751e-01
6.552309506438014353e-02
4.260985286161655949e-02
7.933920454387433097e-02
8.183266875214201264e-02
1.075362961626264990e-01
1.428557892368687021e-01
4.233187008227723425e-02
1.436214079313113956e-01
5.597088826339202683e-02
3.406932440878129853e-02
6.016630484851503979e-02
4.233187008227723425e-02
8.183266875214201264e-02
1.751964039274120921e-01
1.655740232459823602e-01
4.233187008227723425e-02
4.233187008227723425e-02
1.428557892368687021e-01
5.776849103851589007e-02
6.145137696207569888e-02
1.751964039274120921e-01
6.145137696207569888e-02
4.233187008227723425e-02
6.736834358506804676e-02
3.889792684576320880e-02
3.315643876732821127e-02
1.436214079313113956e-01
7.864529951551624265e-02
1.428557892368687021e-01
6.252825206536272162e-02
1.436214079313113956e-01
7.864529951551624265e-02
3.906191630759714428e-02
1.089958198854290572e-01
3.889792684576320880e-02
4.233187008227723425e-02
1.075362961626264990e-01
1.082302011909863637e-01
9.880772364084577930e-02
1.655740232459823602e-01
1.083019148570691925e-01
3.315643876732821127e-02
8.654124328042556158e-02
3.990555231703929451e-02
3.521504092220162363e-02
6.736834358506804676e-02
4.233187008227723425e-02
3.889792684576320880e-02
4.233187008227723425e-02
3.279664668087889368e-02
1.075362961626264990e-01
8.183266875214201264e-02
3.853813475931389121e-02
6.808600340147208385e-02
6.145137696207569888e-02
7.055571282169381675e-02
8.183266875214201264e-02
1.643543101450664068e-01
8.183266875214201264e-02
6.516330297792904958e-02
6.736834358506804676e-02
6.318013832706448341e-02
6.736834358506804676e-02
4.163796505392092229e-02
6.736834358506804676e-02
8.183266875214201264e-02
3.775221033234110735e-02
6.079949070037393710e-02
4.163796505392092229e-02
6.736834358506804676e-02
8.903470748869324325e-02
4.233187008227723425e-02
1.736903042259552166e-01
3.889792684576320880e-02
1.075362961626264990e-01
3.889792684576320880e-02
1.615440409422621570e-01
5.234114430512448735e-02
4.233187008227723425e-02
3.315643876732821127e-02
3.889792684576320880e-02
1.043489269260025054e-01
1.751964039274120921e-01
3.370953232233198094e-02
4.233187008227723425e-02
1.075362961626264990e-01
1.436214079313113956e-01
8.252657378050187731e-02
3.889792684576320880e-02
4.233187008227723425e-02
4.233187008227723425e-02
4.033459403549954914e-02
1.075362961626264990e-01
1.428557892368687021e-01
3.889792684576320880e-02
8.183266875214201264e-02
6.288804415181203922e-02
6.145137696207569888e-02
1.657753698386894570e-01
1.751964039274120921e-01
3.889792684576320880e-02
3.889792684576320880e-02
3.889792684576320880e-02
1.751964039274120921e-01
4.233187008227723425e-02
3.169588810921197819e-02
6.667443855670818209e-02
4.233187008227723425e-02
3.406932440878129853e-02
3.889792684576320880e-02
1.749950573347067717e-01
1.572230546300339427e-01
3.889792684576320880e-02
3.997480194904845519e-02
8.183266875214201264e-02
4.233187008227723425e-02
1.436214079313113956e-01
7.864529951551624265e-02
4.233187008227723425e-02
3.370953232233198094e-02
1.075362961626264990e-01
1.436214079313113956e-01
1.436214079313113956e-01
3.443592631736791532e-02
1.751964039274120921e-01
8.183266875214201264e-02
1.657753698386894570e-01
6.736834358506804676e-02
6.736834358506804676e-02
8.183266875214201264e-02
8.654124328042556158e-02
1.428557892368687021e-01
9.247316680961148450e-02
1.751964039274120921e-01
1.075362961626264990e-01
1.680651484123796280e-01
4.233187008227723425e-02
7.864529951551624265e-02
3.512983134572600363e-02
7.864529951551624265e-02
1.751964039274120921e-01
1.436214079313113956e-01
4.233187008227723425e-02
8.183266875214201264e-02
1.751964039274120921e-01
3.997480194904845519e-02
1.751964039274120921e-01
3.406932440878129853e-02
3.889792684576320880e-02
6.016630484851503979e-02
3.889792684576320880e-02
6.736834358506804676e-02
7.074467672841144861e-02
5.633068034984312078e-02
3.889792684576320880e-02
3.889792684576320880e-02
3.997480194904845519e-02
3.370953232233198094e-02
6.252825206536272162e-02
7.864529951551624265e-02
8.654124328042556158e-02
6.016630484851503979e-02
3.889792684576320880e-02
4.233187008227723425e-02
3.889792684576320880e-02
8.252657378050187731e-02
1.364901524162771551e-01
1.554911369623184214e-01
1.643543101450664068e-01
3.899266667558620725e-02
1.082302011909863637e-01
1.075362961626264990e-01
3.443592631736791532e-02
6.488532019859150068e-02
3.889792684576320880e-02
8.183266875214201264e-02
1.751964039274120921e-01
4.233187008227723425e-02
5.171971300549316197e-02
3.889792684576320880e-02
5.234114430512448735e-02
1.655740232459823602e-01
6.516330297792904958e-02
3.889792684576320880e-02
5.947239982015695148e-02
3.889792684576320880e-02
1.532557141652475252e-01
1.189391642475747801e-01
1.436214079313113956e-01
1.603869696802799893e-01
8.252657378050187731e-02
7.864529951551624265e-02
8.183266875214201264e-02
1.436214079313113956e-01
6.145137696207569888e-02
9.282988572836536889e-02
1.603869696802799893e-01
4.233187008227723425e-02
6.899888904292339475e-02
1.712290634626256747e-01
3.889792684576320880e-02
6.145137696207569888e-02
4.233187008227723425e-02
3.521504092220162363e-02
3.889792684576320880e-02
7.864529951551624265e-02
7.933920454387433097e-02
6.145137696207569888e-02
3.485524883575585875e-02
6.516330297792904958e-02
1.075362961626264990e-01
3.512983134572600363e-02
3.635761576301987930e-02
4.233187008227723425e-02
3.889792684576320880e-02
1.075362961626264990e-01
1.260704197626090206e-01
5.954318304167571796e-02
3.512983134572600363e-02
8.183266875214201264e-02
6.736834358506804676e-02
4.163796505392092229e-02
7.933920454387433097e-02
1.078521238581640063e-01
5.947239982015695148e-02
1.436214079313113956e-01
3.889792684576320880e-02
7.864529951551624265e-02
1.082302011909863637e-01
1.751964039274120921e-01
1.075362961626264990e-01
8.183266875214201264e-02
3.521504092220162363e-02
8.183266875214201264e-02
1.641529635523628627e-01
8.183266875214201264e-02
1.428557892368687021e-01
3.889792684576320880e-02
8.654124328042556158e-02
3.889792684576320880e-02
8.183266875214201264e-02
1.584427677309498961e-01
3.997480194904845519e-02
3.889792684576320880e-02
5.947239982015695148e-02
1.584427677309498961e-01
3.889792684576320880e-02
3.899266667558620725e-02
4.062668821075021697e-02
1.428557892368687021e-01
3.775221033234110735e-02
1.109533970694762672e-01
5.947239982015695148e-02
1.436214079313113956e-01
2.065215760228760189e-01
3.279664668087889368e-02
1.428557892368687021e-01
1.168152174117480513e-01
1.075362961626264990e-01
6.016630484851503979e-02
4.233187008227723425e-02
3.889792684576320880e-02
3.889792684576320880e-02
3.997480194904845519e-02
7.027345376967453205e-02
7.864529951551624265e-02
1.043861188684562791e-01
1.180846525845105077e-01
1.534570607579528456e-01
4.233187008227723425e-02
8.972861251705133157e-02
6.145137696207569888e-02
3.889792684576320880e-02
3.889792684576320880e-02
1.436214079313113956e-01
3.406932440878129853e-02
3.370953232233198094e-02
6.736834358506804676e-02
3.889792684576320880e-02
4.233187008227723425e-02
6.986180779333572843e-02
8.992179370138231320e-02
3.889792684576320880e-02
4.033459403549954914e-02
8.183266875214201264e-02
3.520061456724299376e-02
1.603869696802799893e-01
3.443592631736791532e-02
1.082302011909863637e-01
3.889792684576320880e-02
3.853813475931389121e-02
4.233187008227723425e-02
1.436214079313113956e-01
3.889792684576320880e-02
6.016630484851503979e-02
4.233187008227723425e-02
1.643543101450664068e-01
6.318013832706448341e-02
6.488532019859150068e-02
1.436214079313113956e-01
1.189391642475747801e-01
3.889792684576320880e-02
4.233187008227723425e-02
4.233187008227723425e-02
3.775221033234110735e-02
3.889792684576320880e-02
1.075362961626264990e-01
1.436214079313113956e-01
3.775221033234110735e-02
1.428557892368687021e-01
6.245842246407740106e-02
1.075362961626264990e-01
4.233187008227723425e-02
6.736834358506804676e-02
1.075362961626264990e-01
1.698616685149403338e-01
4.233187008227723425e-02
1.075362961626264990e-01
1.605883162729853098e-01
7.933920454387433097e-02
5.947239982015695148e-02
7.933920454387433097e-02
3.370953232233198094e-02
6.145137696207569888e-02
1.584427677309498961e-01
1.643543101450664068e-01
6.736834358506804676e-02
1.357245337218344616e-01
1.672995297179369345e-01
5.947239982015695148e-02
6.899888904292339475e-02
1.428557892368687021e-01
3.406932440878129853e-02
4.233187008227723425e-02
1.643543101450664068e-01
1.751964039274120921e-01
6.016630484851503979e-02
6.145137696207569888e-02
1.075362961626264990e-01
8.654124328042556158e-02
1.532557141652475252e-01
3.406932440878129853e-02
1.751964039274120921e-01
2.799857583069176314e-02
6.265976905678449782e-02
8.252657378050187731e-02
6.736834358506804676e-02
4.233187008227723425e-02
1.075362961626264990e-01
3.889792684576320880e-02
4.545529064773212724e-02
6.252825206536272162e-02
3.169588810921197819e-02
1.699243103538741195e-01
4.233187008227723425e-02
6.736834358506804676e-02
5.947239982015695148e-02
1.069583871310832990e-01
3.853813475931389121e-02
3.853813475931389121e-02
1.075362961626264990e-01
1.364901524162771551e-01
5.947239982015695148e-02
4.233187008227723425e-02
1.775320584442834360e-01
4.233187008227723425e-02
6.252825206536272162e-02
1.075362961626264990e-01
1.436214079313113956e-01
1.428557892368687021e-01
4.233187008227723425e-02
3.775221033234110735e-02
1.428557892368687021e-01
1.652078927604776482e-01
5.947239982015695148e-02
3.997480194904845519e-02
6.252825206536272162e-02
3.889792684576320880e-02
1.075362961626264990e-01
1.083019148570691925e-01
4.233187008227723425e-02
3.889792684576320880e-02
1.260704197626090206e-01
1.362888058235718347e-01
6.145137696207569888e-02
1.751964039274120921e-01
8.183266875214201264e-02
7.933920454387433097e-02
1.751964039274120921e-01
3.443592631736791532e-02
1.655740232459823602e-01
4.233187008227723425e-02
1.749950573347067717e-01
8.654124328042556158e-02
1.560366825723900064e-01
1.082302011909863637e-01
4.233187008227723425e-02
1.124381705500852036e-01
6.288804415181203922e-02
4.233187008227723425e-02
4.233187008227723425e-02
1.307836513072988538e-01
5.947239982015695148e-02
6.899888904292339475e-02
3.889792684576320880e-02
8.252657378050187731e-02
3.512983134572600363e-02
3.889792684576320880e-02
3.370953232233198094e-02
7.864529951551624265e-02
1.428557892368687021e-01
1.428557892368687021e-01
3.635761576301987930e-02
3.889792684576320880e-02
3.406932440878129853e-02
6.288804415181203922e-02
1.260704197626090206e-01
6.736834358506804676e-02
3.889792684576320880e-02
3.889792684576320880e-02
3.889792684576320880e-02
1.075362961626264990e-01
1.428557892368687021e-01
1.075362961626264990e-01
6.318013832706448341e-02
3.889792684576320880e-02
3.512983134572600363e-02
4.233187008227723425e-02
6.736834358506804676e-02
1.428557892368687021e-01
1.641529635523628627e-01
1.643543101450664068e-01
7.933920454387433097e-02
6.265976905678449782e-02
3.906191630759714428e-02
1.260704197626090206e-01
3.899266667558620725e-02
1.428557892368687021e-01
6.252825206536272162e-02
1.428557892368687021e-01
6.736834358506804676e-02
3.997480194904845519e-02
8.972861251705133157e-02
4.772000365336204197e-02
8.183266875214201264e-02
3.512983134572600363e-02
6.736834358506804676e-02
8.972861251705133157e-02
3.370953232233198094e-02
1.643543101450664068e-01
5.109486075441793673e-02
6.488532019859150068e-02
1.434200613386060752e-01
8.654124328042556158e-02
4.233187008227723425e-02
1.562380291650953268e-01
3.889792684576320880e-02
1.751964039274120921e-01
6.318013832706448341e-02
4.233187008227723425e-02
3.512983134572600363e-02
7.027345376967453205e-02
3.775221033234110735e-02
4.233187008227723425e-02
1.655740232459823602e-01
1.622087616030309931e-01
1.751964039274120921e-01
1.428557892368687021e-01
3.889792684576320880e-02
7.864529951551624265e-02
3.169588810921197819e-02
5.947239982015695148e-02
4.026689612430267573e-02
8.252657378050187731e-02
6.245900243335356095e-02
3.315643876732821127e-02
1.147383348991795060e-01
1.678638018196743076e-01
8.183266875214201264e-02
6.736834358506804676e-02
4.545529064773212724e-02
3.889792684576320880e-02
5.947239982015695148e-02
4.233187008227723425e-02
1.075362961626264990e-01
6.288804415181203922e-02
3.889792684576320880e-02
6.318013832706448341e-02
7.864529951551624265e-02
1.436214079313113956e-01
5.947239982015695148e-02
1.075362961626264990e-01
8.183266875214201264e-02
3.406932440878129853e-02
1.751964039274120921e-01
7.470141323710777215e-02
4.260985286161655949e-02
1.751964039274120921e-01
4.233187008227723425e-02
6.736834358506804676e-02
1.751964039274120921e-01
6.288804415181203922e-02
3.889792684576320880e-02
5.947239982015695148e-02
3.140687924427965072e-02
1.782976771387279058e-01
4.233187008227723425e-02
7.055571282169381675e-02
1.643543101450664068e-01
4.233187008227723425e-02
6.516330297792904958e-02
1.428557892368687021e-01
3.997480194904845519e-02
3.443592631736791532e-02
1.075362961626264990e-01
3.635761576301987930e-02
4.233187008227723425e-02
6.736834358506804676e-02
1.640978079475932105e-01
3.889792684576320880e-02
8.992179370138231320e-02
1.220404374588905938e-01
3.889792684576320880e-02
4.233187008227723425e-02
1.428557892368687021e-01
1.428557892368687021e-01
4.233187008227723425e-02
6.252825206536272162e-02
1.560366825723900064e-01
7.851475195934831675e-02
3.889792684576320880e-02
7.864529951551624265e-02
1.258064313309699145e-01
1.260704197626090206e-01
1.680651484123796280e-01
3.889792684576320880e-02
8.183266875214201264e-02
4.233187008227723425e-02
6.516330297792904958e-02
5.947239982015695148e-02
7.864529951551624265e-02
1.189391642475747801e-01
3.889792684576320880e-02
1.075362961626264990e-01
1.050428319543605937e-01
6.488532019859150068e-02
4.233187008227723425e-02
1.749950573347067717e-01
1.967828887565801210e-01
9.310916293800630683e-02
7.055571282169381675e-02
4.233187008227723425e-02
8.183266875214201264e-02
4.118011704379220816e-02
5.947239982015695148e-02
3.406932440878129853e-02
1.643543101450664068e-01
6.488532019859150068e-02
6.736834358506804676e-02
3.853813475931389121e-02
5.947239982015695148e-02
1.075362961626264990e-01
2.602518325229574714e-02
1.075362961626264990e-01
4.163796505392092229e-02
1.050800238968143674e-01
7.933920454387433097e-02
3.889792684576320880e-02
6.016630484851503979e-02
1.436214079313113956e-01
8.654124328042556158e-02
2.456463259417773770e-02
3.279664668087889368e-02
5.947239982015695148e-02
4.233187008227723425e-02
1.260704197626090206e-01
1.605883162729853098e-01
4.233187008227723425e-02
1.075362961626264990e-01
3.997480194904845519e-02
3.406932440878129853e-02
3.889792684576320880e-02
3.889792684576320880e-02
3.485524883575585875e-02
1.075362961626264990e-01
3.512983134572600363e-02
6.736834358506804676e-02
6.736834358506804676e-02
1.075362961626264990e-01
4.233187008227723425e-02
4.233187008227723425e-02
4.233187008227723425e-02
5.776849103851589007e-02
4.233187008227723425e-02
3.853813475931389121e-02
1.428557892368687021e-01
3.775221033234110735e-02
3.889792684576320880e-02
8.183266875214201264e-02
1.075362961626264990e-01
1.436214079313113956e-01
5.552851354175025733e-02
3.761400982778084767e-02
3.889792684576320880e-02
1.643543101450664068e-01
1.436214079313113956e-01
3.889792684576320880e-02
3.889792684576320880e-02
3.889792684576320880e-02
3.512983134572600363e-02
4.233187008227723425e-02
1.075362961626264990e-01
1.075362961626264990e-01
5.947239982015695148e-02
4.233187008227723425e-02
1.751964039274120921e-01
3.853813475931389121e-02
1.751964039274120921e-01
1.584427677309498961e-01
3.889792684576320880e-02
1.534570607579528456e-01
1.751964039274120921e-01
7.027345376967453205e-02
4.233187008227723425e-02
3.775221033234110735e-02
1.847337446010062223e-01
8.183266875214201264e-02
3.889792684576320880e-02
6.252825206536272162e-02
4.233187008227723425e-02
1.075362961626264990e-01
5.947239982015695148e-02
4.233187008227723425e-02
3.889792684576320880e-02
5.776849103851589007e-02
3.853813475931389121e-02
2.730467080233367483e-02
3.889792684576320880e-02
1.004050406475940349e-01
4.163796505392092229e-02
8.992179370138231320e-02
4.233187008227723425e-02
6.488532019859150068e-02
4.233187008227723425e-02
1.075362961626264990e-01
1.075362961626264990e-01
8.183266875214201264e-02
6.736834358506804676e-02
4.233187008227723425e-02
6.736834358506804676e-02
3.635761576301987930e-02
4.233187008227723425e-02
1.643543101450664068e-01
3.889792684576320880e-02
8.972861251705133157e-02
3.889792684576320880e-02
4.233187008227723425e-02
4.233187008227723425e-02
5.776849103851589007e-02
6.800874076404639368e-02
3.889792684576320880e-02
5.947239982015695148e-02
6.265976905678449782e-02
6.736834358506804676e-02
1.436214079313113956e-01
4.233187008227723425e-02
8.183266875214201264e-02
1.362888058235718347e-01
3.853813475931389121e-02
7.255605296257527925e-02
3.889792684576320880e-02
4.233187008227723425e-02
4.233187008227723425e-02
3.997480194904845519e-02
4.033459403549954914e-02
6.252825206536272162e-02
1.078521238581640063e-01
3.512983134572600363e-02
1.189391642475747801e-01
8.183266875214201264e-02
1.075362961626264990e-01
2.456463259417773770e-02
1.751964039274120921e-01
8.183266875214201264e-02
3.889792684576320880e-02
8.183266875214201264e-02
3.853813475931389121e-02
3.889792684576320880e-02
3.853813475931389121e-02
7.055571282169381675e-02
3.997480194904845519e-02
3.889792684576320880e-02
6.145137696207569888e-02
1.749950573347067717e-01
3.889792684576320880e-02
4.233187008227723425e-02
1.436214079313113956e-01
7.864529951551624265e-02
1.428557892368687021e-01
1.075362961626264990e-01
4.233187008227723425e-02
1.428557892368687021e-01
3.889792684576320880e-02
4.233187008227723425e-02
1.436214079313113956e-01
1.428557892368687021e-01
5.947239982015695148e-02
4.233187008227723425e-02
1.680651484123796280e-01
7.933920454387433097e-02
3.635761576301987930e-02
1.744307852329711750e-01
6.736834358506804676e-02
3.443592631736791532e-02
6.145137696207569888e-02
4.233187008227723425e-02
6.488532019859150068e-02
1.436214079313113956e-01
1.075362961626264990e-01
4.545529064773212724e-02
6.252825206536272162e-02
1.189391642475747801e-01
1.428557892368687021e-01
1.043489269260025054e-01
4.233187008227723425e-02
4.233187008227723425e-02
4.233187008227723425e-02
8.239694085387938571e-02
3.406932440878129853e-02
8.972861251705133157e-02
3.889792684576320880e-02
4.233187008227723425e-02
5.947239982015695148e-02
8.654124328042556158e-02
1.075362961626264990e-01
8.992179370138231320e-02
6.899888904292339475e-02
6.736834358506804676e-02
3.889792684576320880e-02
4.233187008227723425e-02
3.889792684576320880e-02
4.233187008227723425e-02
1.043489269260025054e-01
8.183266875214201264e-02
2.456463259417773770e-02
8.183266875214201264e-02
1.075362961626264990e-01
1.532557141652475252e-01
5.947239982015695148e-02
3.889792684576320880e-02
3.889792684576320880e-02
3.889792684576320880e-02
3.889792684576320880e-02
6.784445691580209825e-02
8.183266875214201264e-02
8.183266875214201264e-02
3.315643876732821127e-02
1.655740232459823602e-01
6.800874076404639368e-02
3.889792684576320880e-02
7.933920454387433097e-02
6.899888904292339475e-02
1.357245337218344616e-01
6.516330297792904958e-02
3.100198308085211352e-02
6.736834358506804676e-02
4.233187008227723425e-02
1.680651484123796280e-01
3.906191630759714428e-02
1.751964039274120921e-01
1.603869696802799893e-01
1.712290634626256747e-01
6.736834358506804676e-02
1.147383348991795060e-01
4.233187008227723425e-02
6.145137696207569888e-02
1.189391642475747801e-01
6.667443855670818209e-02
3.889792684576320880e-02
8.183266875214201264e-02
5.947239982015695148e-02
5.947239982015695148e-02
5.947239982015695148e-02
3.889792684576320880e-02
6.736834358506804676e-02
1.075362961626264990e-01
4.233187008227723425e-02
3.889792684576320880e-02
1.075362961626264990e-01
6.016630484851503979e-02
3.997480194904845519e-02
1.749950573347067717e-01
6.736834358506804676e-02
1.428557892368687021e-01
3.169588810921197819e-02
6.145137696207569888e-02
8.252657378050187731e-02
3.997480194904845519e-02
1.075362961626264990e-01
3.485524883575585875e-02
6.667443855670818209e-02
4.983824391340796467e-02
4.033459403549954914e-02
4.233187008227723425e-02
4.026689612430267573e-02
4.233187008227723425e-02
8.252657378050187731e-02
1.693400171180634572e-01
3.443592631736791532e-02
1.082302011909863637e-01
3.406932440878129853e-02
6.265976905678449782e-02
1.075362961626264990e-01
1.584427677309498961e-01
1.109533970694762672e-01
8.654124328042556158e-02
6.265976905678449782e-02
1.075362961626264990e-01
4.233187008227723425e-02
6.736834358506804676e-02
3.889792684576320880e-02
1.364901524162771551e-01
1.075362961626264990e-01
3.906191630759714428e-02
6.736834358506804676e-02
8.271975496482930623e-02
1.428557892368687021e-01
5.947239982015695148e-02
1.655740232459823602e-01
6.899888904292339475e-02
7.864529951551624265e-02
8.183266875214201264e-02
1.782976771387279058e-01
1.189391642475747801e-01
6.736834358506804676e-02
4.062668821075021697e-02
3.370953232233198094e-02
6.667443855670818209e-02
1.712290634626256747e-01
6.736834358506804676e-02
8.183266875214201264e-02
4.233187008227723425e-02
7.055571282169381675e-02
3.889792684576320880e-02
3.279664668087889368e-02
3.889792684576320880e-02
1.075362961626264990e-01
3.889792684576320880e-02
1.428557892368687021e-01
6.252825206536272162e-02
3.406932440878129853e-02
6.016630484851503979e-02
1.411360884368999535e-01
4.233187008227723425e-02
5.947239982015695148e-02
4.233187008227723425e-02
8.183266875214201264e-02
3.443592631736791532e-02
7.864529951551624265e-02
1.122448706909118243e-01
5.171971300549316197e-02
6.667443855670818209e-02
1.751964039274120921e-01
7.864529951551624265e-02
3.169588810921197819e-02
1.357245337218344616e-01
3.889792684576320880e-02
3.635761576301987930e-02
6.252825206536272162e-02
4.233187008227723425e-02
3.775221033234110735e-02
8.183266875214201264e-02
1.043489269260025054e-01
3.889792684576320880e-02
1.436214079313113956e-01
1.075362961626264990e-01
6.516330297792904958e-02
1.641529635523628627e-01
1.643543101450664068e-01
1.428557892368687021e-01
1.357245337218344616e-01
6.252825206536272162e-02
4.233187008227723425e-02
6.736834358506804676e-02
4.233187008227723425e-02
5.947239982015695148e-02
3.450670953888490544e-02
8.183266875214201264e-02
1.751964039274120921e-01
4.233187008227723425e-02
3.889792684576320880e-02
6.145137696207569888e-02
1.436214079313113956e-01
3.406932440878129853e-02
1.751964039274120921e-01
1.428557892368687021e-01
4.233187008227723425e-02
4.233187008227723425e-02
1.603869696802799893e-01
8.183266875214201264e-02
3.997480194904845519e-02
1.751964039274120921e-01
6.145137696207569888e-02
8.183266875214201264e-02
6.552309506438014353e-02
1.641529635523628627e-01
5.947239982015695148e-02
7.470141323710777215e-02
1.641529635523628627e-01
1.075362961626264990e-01
3.521504092220162363e-02
7.933920454387433097e-02
5.947239982015695148e-02
6.318013832706448341e-02
1.050428319543605937e-01
6.686302425062251586e-02
7.864529951551624265e-02
1.260704197626090206e-01
1.584427677309498961e-01
6.736834358506804676e-02
8.183266875214201264e-02
1.075362961626264990e-01
6.288804415181203922e-02
1.655740232459823602e-01
8.183266875214201264e-02
3.899266667558620725e-02
5.947239982015695148e-02
1.751964039274120921e-01
1.436214079313113956e-01
4.509549856128458600e-02
3.889792684576320880e-02
1.655740232459823602e-01
3.889792684576320880e-02
1.678638018196743076e-01
1.357245337218344616e-01
6.736834358506804676e-02
8.183266875214201264e-02
3.889792684576320880e-02
6.145137696207569888e-02
1.641529635523628627e-01
4.233187008227723425e-02
1.643543101450664068e-01
4.233187008227723425e-02
5.947239982015695148e-02
6.736834358506804676e-02
4.163796505392092229e-02
8.992179370138231320e-02
3.443592631736791532e-02
3.775221033234110735e-02
3.889792684576320880e-02
3.512983134572600363e-02
1.075362961626264990e-01
6.736834358506804676e-02
4.233187008227723425e-02
8.183266875214201264e-02
7.055571282169381675e-02
1.436214079313113956e-01
6.736834358506804676e-02
4.233187008227723425e-02
4.233187008227723425e-02
1.043489269260025054e-01
8.252657378050187731e-02
3.889792684576320880e-02
4.233187008227723425e-02
8.183266875214201264e-02
8.252657378050187731e-02
1.572230546300339427e-01
1.075362961626264990e-01
1.655740232459823602e-01
7.864529951551624265e-02
3.899266667558620725e-02
6.736834358506804676e-02
3.889792684576320880e-02
3.889792684576320880e-02
7.933920454387433097e-02
5.947239982015695148e-02
3.889792684576320880e-02
1.075362961626264990e-01
4.233187008227723425e-02
5.234114430512448735e-02
3.994990355933047965e-02
6.265976905678449782e-02
4.233187008227723425e-02
1.436214079313113956e-01
1.603869696802799893e-01
3.997480194904845519e-02
8.992179370138231320e-02
3.889792684576320880e-02
4.233187008227723425e-02
8.183266875214201264e-02
1.075362961626264990e-01
3.512983134572600363e-02
3.889792684576320880e-02
1.082302011909863637e-01
3.889792684576320880e-02
7.864529951551624265e-02
4.233187008227723425e-02
6.736834358506804676e-02
6.516330297792904958e-02
1.436214079313113956e-01
8.252657378050187731e-02
6.516330297792904958e-02
3.169588810921197819e-02
7.864529951551624265e-02
1.083019148570691925e-01
4.233187008227723425e-02
6.800874076404639368e-02
6.016630484851503979e-02
4.233187008227723425e-02
1.744307852329711750e-01
4.026689612430267573e-02
3.889792684576320880e-02
3.997480194904845519e-02
5.947239982015695148e-02
3.315643876732821127e-02
6.245900243335356095e-02
6.252825206536272162e-02
5.994586836220427983e-02
6.488532019859150068e-02
3.889792684576320880e-02
1.075362961626264990e-01
3.889792684576320880e-02
3.889792684576320880e-02
1.428557892368687021e-01
1.428557892368687021e-01
1.189391642475747801e-01
5.947239982015695148e-02
3.889792684576320880e-02
1.189391642475747801e-01
3.279664668087889368e-02
1.075362961626264990e-01
1.428557892368687021e-01
4.026689612430267573e-02
4.233187008227723425e-02
4.033459403549954914e-02
4.233187008227723425e-02
5.947239982015695148e-02
1.149833793731964704e-01
5.947239982015695148e-02
7.470141323710777215e-02
1.357245337218344616e-01
3.250455250562822584e-02
5.947239982015695148e-02
1.075362961626264990e-01
4.233187008227723425e-02
3.889792684576320880e-02
7.151404400048377852e-02
3.889792684576320880e-02
1.436214079313113956e-01
1.572230546300339427e-01
8.183266875214201264e-02
7.864529951551624265e-02
1.075362961626264990e-01
1.751964039274120921e-01
1.075362961626264990e-01
4.233187008227723425e-02
3.906191630759714428e-02
6.736834358506804676e-02
3.889792684576320880e-02
1.189391642475747801e-01
1.260704197626090206e-01
1.075362961626264990e-01
6.016630484851503979e-02
3.370953232233198094e-02
1.686752964572963975e-01
4.233187008227723425e-02
1.357245337218344616e-01
3.406932440878129853e-02
2.456463259417773770e-02
4.233187008227723425e-02
5.947239982015695148e-02
5.947239982015695148e-02
3.997480194904845519e-02
1.075362961626264990e-01
6.016630484851503979e-02
6.771664658879394949e-02
3.889792684576320880e-02
1.075362961626264990e-01
1.751964039274120921e-01
3.635761576301987930e-02
6.318013832706448341e-02
6.736834358506804676e-02
6.736834358506804676e-02
6.252825206536272162e-02
6.516330297792904958e-02
1.075362961626264990e-01
3.889792684576320880e-02
1.075362961626264990e-01
1.641529635523628627e-01
1.751964039274120921e-01
4.233187008227723425e-02
1.075362961626264990e-01
4.233187008227723425e-02
1.109533970694762672e-01
4.233187008227723425e-02
6.488532019859150068e-02
3.997480194904845519e-02
4.233187008227723425e-02
6.516330297792904958e-02
8.972861251705133157e-02
6.145137696207569888e-02
8.654124328042556158e-02
6.516330297792904958e-02
4.233187008227723425e-02
6.736834358506804676e-02
3.997480194904845519e-02
7.864529951551624265e-02
1.643543101450664068e-01
1.004050406475940349e-01
3.889792684576320880e-02
7.206298167394997733e-02
4.033459403549954914e-02
1.082302011909863637e-01
4.233187008227723425e-02
6.516330297792904958e-02
1.751964039274120921e-01
1.643543101450664068e-01
1.075362961626264990e-01
7.933920454387433097e-02
1.603869696802799893e-01
3.406932440878129853e-02
6.488532019859150068e-02
3.512983134572600363e-02
3.906191630759714428e-02
1.220404374588905938e-01
1.782976771387279058e-01
3.889792684576320880e-02
4.233187008227723425e-02
3.889792684576320880e-02
1.260704197626090206e-01
1.742294386402658546e-01
1.075362961626264990e-01
6.516330297792904958e-02
3.889792684576320880e-02
3.906191630759714428e-02
3.889792684576320880e-02
3.250455250562822584e-02
3.889792684576320880e-02
1.043861188684562791e-01
3.775221033234110735e-02
1.189391642475747801e-01
3.889792684576320880e-02
3.512983134572600363e-02
1.751964039274120921e-01
1.428557892368687021e-01
4.233187008227723425e-02
1.436214079313113956e-01
8.183266875214201264e-02
7.864529951551624265e-02
1.738916508186623133e-01
4.233187008227723425e-02
1.075362961626264990e-01
3.406932440878129853e-02
7.470141323710777215e-02
