6.095977784221191520e-01
9.473497014062883803e-01
7.913770637267134589e-01
5.815372752151732882e-01
6.775052834676154045e-01
6.564140996557599195e-01
6.924642483770084844e-01
6.751322861805544306e-01
3.637795282946968412e-01
8.328242410103181559e-01
9.827127243136315471e-01
9.384192868245124775e-01
9.992448243545068998e-01
5.089294008996052554e-01
6.243452404534148847e-01
8.069546189849410300e-01
6.889473255866080947e-01
5.908778420887743632e-01
6.201052901076902213e-01
6.138362799684506932e-01
6.478313674717024462e-01
5.815372752151732882e-01
9.725469634467640567e-01
9.219297231919887370e-01
9.915398653088915992e-01
6.131781219456016174e-01
9.836077948564940776e-01
9.939912992655424162e-01
9.846397943930902397e-01
9.917691991535642071e-01
9.221788237880050865e-01
7.056937949799553245e-01
6.756683880809477571e-01
9.827127243136315471e-01
5.995401232460950691e-01
5.990839965406118406e-01
6.798910428984696885e-01
8.328167393772998306e-01
6.478313674717024462e-01
5.999312433051640081e-01
6.600781439564984421e-01
5.864433161310103060e-01
7.913770637267134589e-01
6.478313674717024462e-01
6.924642483770084844e-01
9.415914829707092704e-01
7.913770637267134589e-01
5.917457942123574011e-01
6.798910428984696885e-01
9.915398653088915992e-01
6.647924015241071238e-01
7.056937949799553245e-01
5.815372752151732882e-01
8.305161750304654866e-01
9.917691991535642071e-01
8.069546189849410300e-01
6.095977784221191520e-01
9.562587264338129334e-01
6.681604675380627967e-01
9.827127243136315471e-01
9.458681682246103950e-01
6.201052901076902213e-01
5.995401232460950691e-01
6.924642483770084844e-01
6.405999874413927930e-01
6.889473255866080947e-01
9.917870476722749906e-01
6.881086354895071810e-01
9.973442037478921218e-01
8.396105000527105400e-01
9.698753918863691759e-01
9.827127243136315471e-01
5.942900535879283019e-01
5.641296767965136016e-01
5.641296767965136016e-01
6.405999874413927930e-01
6.788887625591171204e-01
9.394029309368703284e-01
5.864433161310103060e-01
3.782701475558090110e-01
6.009925272711378330e-01
6.236750318780621694e-01
5.641296767965136016e-01
6.017961281886983205e-01
6.478313674717024462e-01
5.641296767965136016e-01
9.384192868245124775e-01
9.827127243136315471e-01
9.219297231919887370e-01
6.201052901076902213e-01
9.198572344814759383e-01
6.017961281886983205e-01
5.882914930804532538e-01
9.971745416342303603e-01
8.328242410103181559e-01
6.209025278157058736e-01
9.939912992655424162e-01
9.450654763362387190e-01
5.847164976856131791e-01
6.756683880809477571e-01
6.236750318780621694e-01
9.915398653088915992e-01
9.394029309368703284e-01
9.384192868245124775e-01
5.641296767965136016e-01
5.641296767965136016e-01
5.798940590505627934e-01
7.324580763040020592e-01
5.641296767965136016e-01
5.908778420887743632e-01
9.639968156219407280e-01
8.327938464091404480e-01
7.913770637267134589e-01
5.982930633601963866e-01
6.661457850465606345e-01
3.712518533975526225e-01
5.815372752151732882e-01
5.641296767965136016e-01
9.219297231919887370e-01
5.915360017113120428e-01
6.201052901076902213e-01
5.798940590505627934e-01
9.827127243136315471e-01
6.600781439564984421e-01
5.859067021409123388e-01
6.020284988679818206e-01
5.847164976856131791e-01
6.138362799684506932e-01
5.641296767965136016e-01
5.763592626602278557e-01
9.939912992655424162e-01
6.392273034513789032e-01
6.788887625591171204e-01
5.942900535879283019e-01
6.672311809079869427e-01
5.641296767965136016e-01
6.953078756302926156e-01
6.788887625591171204e-01
6.095977784221191520e-01
5.847164976856131791e-01
8.870429517578215517e-01
6.478313674717024462e-01
6.928840662025956831e-01
6.649295658544636112e-01
9.939912992655424162e-01
1.000000000000000000e+00
5.725685907756301596e-01
6.798910428984696885e-01
6.764557395940438145e-01
5.641296767965136016e-01
6.928840662025956831e-01
1.000000000000000000e+00
6.881086354895071810e-01
9.827127243136315471e-01
9.846397943930902397e-01
1.000000000000000000e+00
6.647924015241071238e-01
9.698753918863691759e-01
6.243453843921817903e-01
8.367120473868732144e-01
9.507961196554173267e-01
6.412552194199367950e-01
6.881086354895071810e-01
9.915398653088915992e-01
5.990839965406118406e-01
9.846397943930902397e-01
6.786378249348541392e-01
8.335043768589527335e-01
6.775052834676154045e-01
9.846397943930902397e-01
9.738264250658077437e-01
5.725685907756301596e-01
9.971745416342303603e-01
7.823134664994135790e-01
9.827127243136315471e-01
6.009925272711378330e-01
6.889473255866080947e-01
5.641296767965136016e-01
6.756683880809477571e-01
9.827127243136315471e-01
6.017961281886983205e-01
6.656722853154131148e-01
9.979742466026029213e-01
9.580593885835182455e-01
7.119847010000135423e-01
5.725685907756301596e-01
6.896411917328604257e-01
7.687718387358268846e-01
8.335043768589527335e-01
1.000000000000000000e+00
1.000000000000000000e+00
9.971745416342303603e-01
9.992448243545068998e-01
8.870429517578215517e-01
8.335043768589527335e-01
6.891131284973686100e-01
5.908778420887743632e-01
8.491973654984468212e-01
6.243453843921817903e-01
5.982930633601963866e-01
6.649159589072042298e-01
