1.830734793567367902e-01
1.647721209365053952e-01
2.291461780266050852e-01
1.586900940167783602e-01
1.627750212595042711e-01
2.403794270968857560e-01
1.669090850045247265e-01
1.406720046397165191e-01
2.028660197795311149e-01
1.782117710698623014e-01
1.263198643437588586e-01
2.116760309198841838e-01
1.665522481278385314e-01
1.337095311686633536e-01
1.627437685827208824e-01
1.128639678044205397e-01
2.771880515468145845e-01
2.020441966053327931e-01
2.185634480764857557e-01
1.772429322508042304e-01
1.273490774991712371e-01
1.076732403612608024e-01
2.119465821029695718e-01
1.680248841293092710e-01
1.411450502394799855e-01
1.694292862785600207e-01
1.461974782755355307e-01
2.074292845971994481e-01
1.688800473415703607e-01
2.221536554844609768e-01
2.217241266919236509e-01
1.614025107338443732e-01
1.422763824311905623e-01
1.235504153031063979e-01
1.826458954865817219e-01
1.755258003885025175e-01
1.126879390792527857e-01
1.437786366752247247e-01
1.455283291924729383e-01
1.221221188224159704e-01
6.768378785088913219e-02
2.381964375138272416e-01
1.265372089515386378e-01
7.623561193521588564e-02
1.228969670898392152e-01
1.686163681882835164e-01
1.347262954123555900e-01
1.790789174700897490e-01
2.046720103562638116e-01
1.265372089515386378e-01
2.107655965046024704e-01
1.749365966234055492e-01
1.767305844069779752e-01
1.691927025676527307e-01
2.198340598401964385e-01
2.599662944957881194e-01
1.588119931977427512e-01
1.326071162902300316e-01
1.808121854385218441e-01
1.133845746776076524e-01
6.827468945885684093e-02
1.784004050159504473e-01
1.159834206280114799e-01
1.693058474814872483e-01
1.481438104688272972e-01
1.597374434772351748e-01
1.596182957717893203e-01
1.622350624320647583e-01
1.800663301488656387e-01
2.639537681238985911e-01
2.938428928390264261e-01
1.466223472010277362e-01
1.787774687886889424e-01
2.069537960660809972e-01
1.602541519269129466e-01
2.027436867815959332e-01
1.195236095653431363e-01
2.639537681238985911e-01
2.160382536243901086e-01
1.232871664579988646e-01
2.035964643643852767e-01
2.056132490315913941e-01
2.176911085215467168e-01
1.254079411597404103e-01
2.134913595799989849e-01
1.521628785291015973e-01
2.136972446391567360e-01
1.408094946666027525e-01
1.356401628253189884e-01
1.101002596600926253e-01
9.850951642328187319e-02
1.548569989843544548e-01
2.251259799531180050e-01
1.627149449297489170e-01
1.310882668086259528e-01
1.737984744387350844e-01
1.198681547409474746e-01
2.018776555872339173e-01
1.027106459415563222e-01
1.458335659344447421e-01
1.114469499911789896e-01
1.724605845948756766e-01
1.507995584695356328e-01
1.627149449297489170e-01
1.500678315455061806e-01
1.861301950781664161e-01
1.106286490546004586e-01
1.599688645667347586e-01
2.057454200251935816e-01
1.644114575594599614e-01
1.787508710103802301e-01
2.291461780266050852e-01
1.567702771850720822e-01
1.850290822002857993e-01
1.588493837995290647e-01
1.478200929357802451e-01
1.833802435836124900e-01
1.659817246221662046e-01
2.133631195858312068e-01
2.247971315467989228e-01
1.383667473493463973e-01
1.446178414554992742e-01
2.364980463862291771e-01
1.159467121395261202e-01
1.623829852012361741e-01
1.855189430774570880e-01
1.829629422483112222e-01
1.406999146104501719e-01
1.627149449297489170e-01
1.226790645235809052e-01
2.069537960660809972e-01
1.482426864090591323e-01
1.228969670898392152e-01
1.782117710698623014e-01
2.261832422762495298e-01
1.630086281790115166e-01
1.588119931977427512e-01
1.818617159088882218e-01
1.439882492901105593e-01
1.381290510034478558e-01
2.839937489781059199e-01
2.018312194050055908e-01
9.867024143527824975e-02
1.588119931977427512e-01
1.133845746776076524e-01
1.668909568749432637e-01
1.449896590720829437e-01
1.221011166579533125e-01
1.276263901452585614e-01
1.268765351579181910e-01
2.072975685993627692e-01
3.575554699014649174e-02
1.940028167103733381e-01
1.706086372544701746e-01
1.888379133390616360e-01
2.303960345716307145e-01
1.813415215284948090e-01
1.782117710698623014e-01
1.760078456451106277e-01
1.147393457532279726e-01
1.588119931977427512e-01
2.125266004920565166e-01
1.207631794208925413e-01
1.481928591008232488e-01
1.902367908359972049e-01
1.510548817679149280e-01
1.610297814292858121e-01
1.402395323027914031e-01
1.250190075963146796e-01
1.668056319163069290e-01
1.734305913566256407e-01
2.375604539712687924e-01
1.034041972850996416e-01
1.379557320659294817e-01
2.233123361989957090e-01
1.744416867405016447e-01
2.174954651784659632e-01
1.265372089515386378e-01
1.784056856167683947e-01
1.516958162298838175e-01
2.210456142377843491e-01
1.609967396910310100e-01
1.583683522361791773e-01
1.466776486613223796e-01
1.317208397874454207e-01
1.627149449297489170e-01
1.604476578101383666e-01
1.588119931977427512e-01
2.291461780266050852e-01
1.264097256245673151e-01
1.423902098784344261e-01
1.207631794208925413e-01
1.547935838879679338e-01
2.048691518531722267e-01
2.058251236298200837e-01
1.610410468772647263e-01
1.734305913566256407e-01
1.456588368236406694e-01
1.539865130323034847e-01
1.769099827469515773e-01
1.724521909125344976e-01
1.441081645056785376e-01
2.004640279859577490e-01
2.151597444577220131e-01
1.627149449297489170e-01
1.313710811785702148e-01
1.532530318091476218e-01
1.272115078533389010e-01
2.139765402314299791e-01
1.538523217055596248e-01
2.108527332478651317e-01
1.202605677165662357e-01
1.149013019379427902e-01
1.350264854928004965e-01
1.337095311686633536e-01
1.275349297702224050e-01
1.174624170668678858e-01
1.588493837995290647e-01
1.127244957666579950e-01
1.782117710698623014e-01
1.843848643111005714e-01
2.160694726934844212e-01
2.552619020219326629e-01
6.141654015553665857e-02
2.604827925259485255e-01
1.472941646522434311e-01
2.158529585699255904e-01
2.057454200251935816e-01
1.580674666866874745e-01
2.219050303538621094e-01
1.581974498608893498e-01
2.038652205975237663e-01
1.394780928354251159e-01
1.265372089515386378e-01
1.588119931977427512e-01
2.347408657309317803e-01
1.333176660550492443e-01
2.193685245863834510e-01
2.578627264640243055e-01
1.498047683238716843e-01
1.331658652543241672e-01
1.270658087169307393e-01
1.143674057087968876e-01
5.150574286373910127e-02
2.271641084510696018e-01
1.462969467865100626e-01
2.140944478045225807e-01
1.669059086054511809e-01
1.610865095555169546e-01
1.754821673507596103e-01
2.304126706098053035e-01
1.826624940628969185e-01
1.227668532559942349e-01
2.159203472457384976e-01
2.333525215173626322e-01
1.829771079668391920e-01
2.639537681238985911e-01
1.534753171943421535e-01
1.672176740785635829e-01
2.183387211473872824e-01
2.866193679056809884e-01
1.507995584695356328e-01
1.626946149511061535e-01
1.922934035212771064e-01
2.280726326503108581e-01
1.579117369459632769e-01
1.583829976828399211e-01
2.613392364460942474e-01
2.719791081514024711e-01
1.674963764695043267e-01
2.719511885517755800e-01
1.237598581545560350e-01
2.310007371056093106e-01
1.414104393067310284e-01
1.473904867520730022e-01
2.157285028782878200e-01
1.567702771850720822e-01
2.234067039612206429e-01
2.780613691888058625e-01
1.453257255641062784e-01
2.671753025613670118e-01
1.865851560415947574e-01
1.761496630106806904e-01
1.617699105273473492e-01
1.674271322757210356e-01
1.760075683574253702e-01
1.644114575594599614e-01
2.637562089917651065e-01
2.336602307873345552e-01
1.798408179249539884e-01
1.728454932149228185e-01
1.588493837995290647e-01
2.119465821029695718e-01
1.764105709958379009e-01
2.387751696534738954e-01
2.639537681238985911e-01
1.126820254642586505e-01
1.861581059463359722e-01
1.263421498620918015e-01
2.519630240849011216e-01
1.492168067289432187e-01
2.330948835730781710e-01
1.764105709958379009e-01
1.296029534662483940e-01
2.247971315467989228e-01
2.146222559288819554e-01
1.584830138340693750e-01
1.838514625555607296e-01
1.285123583966685246e-01
1.819865699456713060e-01
2.229466510738742357e-01
1.651323280351668643e-01
2.780613691888058625e-01
1.546638267690498836e-01
2.787750882001933661e-01
2.198340598401964385e-01
2.813787238165206261e-01
1.205989726731457878e-01
1.376608089296702531e-01
1.669059086054511809e-01
1.331617619561589194e-01
2.298246904807443869e-01
1.278290131185091383e-01
1.494487477941781606e-01
1.324215436133302504e-01
1.322245631667602339e-01
2.047830882376038275e-01
1.577841180734464999e-01
1.283317835796573547e-01
1.375669469301863401e-01
1.081403754856324895e-01
2.221852087612559146e-01
1.712254934900583336e-01
2.771880515468145845e-01
2.330948835730781710e-01
1.663310700432623079e-01
1.620155515287118320e-01
1.588119931977427512e-01
1.736243816437212928e-01
1.622267110661699263e-01
2.509692873518396539e-01
1.818993395934525026e-01
2.152587469017204214e-01
2.229466510738742357e-01
2.803482299908655051e-01
1.588119931977427512e-01
1.721339845155682724e-01
2.753668569977216762e-01
1.670110432409339651e-01
2.639537681238985911e-01
2.238400073726207751e-01
2.432802575720458549e-01
1.622267110661699263e-01
1.210390374654561896e-01
1.861176074072030673e-01
1.228969670898392152e-01
1.281706494359928783e-01
1.608109866568074864e-01
2.320227295661325684e-01
1.625198858403020807e-01
2.099988802141306010e-01
2.635224426435405221e-01
1.206266968919997851e-01
1.365755702907254232e-01
2.796676028255156155e-01
1.582127631855572147e-01
2.135870080362121115e-01
1.755595942906253981e-01
6.011333958468156879e-02
2.326740090632233304e-01
1.500678315455061806e-01
2.812784770673513179e-01
2.069537960660809972e-01
1.627149449297489170e-01
1.575169499152666575e-01
1.330230807478605115e-01
1.379282788544706762e-01
1.580674666866874745e-01
1.829956431632542291e-01
1.602541519269129466e-01
1.805937037689862024e-01
1.317876999595384291e-01
1.866964004562223778e-01
2.116645322960781783e-01
1.217324821645844324e-01
1.782117710698623014e-01
2.097973157141161948e-01
1.577841180734464999e-01
2.756391492165199963e-01
2.166335394268603665e-01
1.285123583966685246e-01
2.852679815411001130e-01
2.452924311260860080e-01
1.885184901095469101e-01
2.302009754821838783e-01
1.274474498336797268e-01
1.826458954865817219e-01
2.353550523687903961e-01
6.137327539327852577e-02
1.273702989221732196e-01
1.477287674332652401e-01
2.048691518531722267e-01
1.005708194391585764e-01
2.403794270968857560e-01
1.510772462692022700e-01
1.418854810924203846e-01
2.870704597502520272e-01
2.727470484351259827e-01
2.129691793709715952e-01
1.833231690030565630e-01
1.488864404878018632e-01
2.308555095265916179e-01
1.488864404878018632e-01
1.595906128359576570e-01
1.577935924258788702e-01
1.538296038988304915e-01
1.626096557047880253e-01
1.265372089515386378e-01
1.616088381540983221e-01
2.035329113291064473e-01
1.595906128359576570e-01
1.861503802766426574e-01
2.639537681238985911e-01
1.591992564596402815e-01
2.069379924041827579e-01
2.754369948846200344e-01
1.134024357082124013e-01
1.850599965117467605e-01
1.459233357989297986e-01
1.840787230952249942e-01
1.989088666693898944e-01
1.650958581893471333e-01
1.396115193359754869e-01
2.931156896359565778e-01
1.832086203635805433e-01
2.218311708910123414e-01
1.437103494787699276e-01
1.627149449297489170e-01
1.275925053411333110e-01
1.510772462692022700e-01
1.560369869097995021e-01
1.844949029529772133e-01
1.910523979181713017e-01
1.558863228980778004e-01
2.754369948846200344e-01
1.254878213773080731e-01
1.124271158184271258e-01
1.621209590299184100e-01
2.247971315467989228e-01
1.743473976932730096e-01
2.788250838415944344e-01
1.712358897696484306e-01
1.149013019379427902e-01
2.229425724677946974e-01
2.097895834971339468e-01
2.715662390838708973e-01
2.229425724677946974e-01
1.288064205933281414e-01
1.787441449156501605e-01
1.877271228826300487e-01
4.844005832700570835e-02
2.288826488409112514e-01
1.505969148544838987e-01
2.175242012867828478e-01
2.235605662263431270e-01
1.635896717031384284e-01
2.248584575274925612e-01
1.486994485051340575e-01
1.501912505343439008e-01
1.515584028162670904e-01
2.421928891679030471e-01
1.861897157963277039e-01
2.111825096279673630e-01
