2.284495513566175973e-01
1.989088666693898944e-01
1.440127317822481601e-01
1.457016938772506265e-01
1.655151710170743584e-01
9.597900137548709409e-02
2.828655137207318759e-01
2.057336616122427131e-01
1.126820254642586505e-01
1.430839243695682939e-01
1.573277992189181518e-01
1.621867745807676897e-01
1.442116848170327259e-01
1.455371672003584749e-01
1.939467008499820011e-01
1.403560458470307637e-01
2.727736854481648265e-01
2.078267474696522399e-01
1.383932669408292071e-01
2.403794270968857560e-01
2.221764719867174165e-01
1.744318636751209795e-01
2.145383151223674290e-01
2.633591138259596676e-01
1.636308961941148610e-01
1.572839671617058954e-01
1.813415215284948090e-01
1.767305844069779752e-01
1.995106786829632384e-01
1.783273613243459010e-01
1.854795934921966705e-01
1.760075683574253702e-01
1.724605845948756766e-01
2.359797816405100335e-01
1.717169441839310196e-01
9.689227937713074112e-02
1.651256416964628215e-01
1.411433216051234396e-01
2.811715519914566030e-01
2.116760309198841838e-01
1.224400402208214444e-01
2.737901035545791117e-01
1.587839360590557192e-01
1.826458954865817219e-01
2.326102402460437091e-01
1.834922561988392431e-01
1.706967838797881498e-01
1.632658868973564381e-01
1.570080823635020550e-01
1.038925539277641974e-01
1.265372089515386378e-01
1.651921752053446824e-01
2.253083925978494051e-01
1.596182957717893203e-01
2.004453559116372574e-01
1.760793976344698919e-01
2.232863450010746931e-01
1.337017836090428347e-01
1.394780928354251159e-01
2.292100685307145724e-01
2.001891911371043165e-01
1.492168067289432187e-01
2.639537681238985911e-01
1.669193224192504488e-01
1.278908987687001897e-01
1.680655319934318825e-01
3.294066694606812007e-02
1.632535863816446664e-01
1.142096800022933678e-01
1.055889437783879004e-01
2.610103880397751652e-01
1.492431562408293999e-01
1.518568862858664659e-01
1.824495168625697161e-01
1.415150317722106976e-01
2.281616727269009104e-01
1.995080903460495492e-01
1.376242284375539526e-01
1.609407578003381190e-01
1.043593060536940342e-01
1.513778476188969435e-01
2.773281779700278449e-01
1.087133037221796883e-01
1.874124863981387890e-01
1.241351178504714881e-01
1.574390868495649798e-01
1.130354541127456258e-01
1.334922139907464000e-01
1.329874874579033417e-01
1.789829066627417475e-01
1.890795358345638277e-01
1.612922221653203536e-01
1.003974963794300734e-01
2.218721017762117498e-01
2.253567094638331270e-01
1.296029534662483940e-01
1.755326706135837966e-01
1.600675216449669591e-01
1.267324647766994161e-01
1.916923236592396051e-01
1.492683099396439061e-01
1.622267110661699263e-01
1.832748317431507346e-01
1.302444162427081054e-01
1.818801629803923348e-01
1.613871716915893373e-01
1.769359314551977036e-01
1.453699457141279794e-01
2.436601756270118102e-01
2.122050040568623785e-01
2.780613691888058625e-01
1.846852405420191801e-01
2.364618105647267043e-01
2.240743290597269066e-01
1.543922501997823105e-01
1.822480938897736991e-01
2.471469902050902334e-01
1.528762472408446982e-01
1.365694102853094449e-01
1.664621199863951517e-01
1.488864404878018632e-01
2.564821460299127054e-01
1.784056856167683947e-01
1.661747959081960602e-01
1.507003102832804586e-02
2.317717969541819301e-01
1.664621199863951517e-01
1.252345387180904268e-01
1.848296428738347430e-01
1.588571595647083612e-01
1.566028068512874682e-01
1.995393381255112786e-01
2.246026085887145030e-01
9.723148342407306188e-02
1.615116237311378100e-01
8.507144255919829590e-02
2.179470094684585746e-01
1.627149449297489170e-01
1.809263707133004218e-01
1.139820075381061670e-01
1.845800507030883608e-01
2.227502831113223891e-01
1.588119931977427512e-01
1.492168067289432187e-01
1.559679189390701382e-01
1.951132915523690059e-02
2.466502342661911484e-01
1.607766892827973138e-01
2.377538081693089111e-01
1.686627576059587241e-01
1.485113185582784823e-01
2.409517656508217698e-01
1.627149449297489170e-01
1.581333035946332899e-01
2.147498270037404566e-01
1.224400402208214444e-01
1.120402545163949881e-01
1.195373582916499089e-01
2.114987191708799230e-01
1.134024357082124013e-01
1.829956431632542291e-01
1.779001993493185552e-01
3.538424544344653810e-02
1.223946623667275801e-01
1.423775890034715275e-01
1.656713469007016215e-01
1.754495746333093464e-01
1.130354541127456258e-01
1.743473976932730096e-01
1.205989726731457878e-01
1.919908324438850400e-01
1.265372089515386378e-01
1.387645821093963505e-01
2.715415431927779011e-01
1.238389572797329308e-01
1.414880071207429424e-01
1.891066702120323129e-01
1.301698426275681442e-01
8.548981892581153375e-02
1.488864404878018632e-01
1.847150517253846047e-01
2.718819059855865916e-01
2.355208059818227895e-01
1.265372089515386378e-01
1.382980127606696641e-01
1.438477468835897000e-01
2.314439076882184310e-01
2.310448062689829385e-01
1.101996740574824329e-01
1.688984906249180185e-01
1.588119931977427512e-01
1.294789514253231744e-01
1.804494088737103041e-01
2.219050303538621094e-01
1.255309950030731869e-01
1.914677783696472346e-01
1.675753619190487598e-01
2.171721808787552277e-01
1.275349297702224050e-01
2.125266004920565166e-01
1.185285055438729529e-01
1.877271228826300487e-01
2.265369753643566852e-01
1.683929614881112258e-01
1.186558507517521122e-01
1.564266590079839148e-01
1.197893602431916449e-01
1.411433216051234396e-01
1.451502107988726920e-01
2.508719960966612206e-01
1.449896590720829437e-01
2.545567597051681119e-01
2.927082395109916746e-01
1.873933100722249279e-01
1.678937498611645651e-01
2.069537960660809972e-01
1.914093139371182417e-01
1.762067746319662120e-02
1.506292600258634096e-01
1.632661130018515649e-01
1.221011166579533125e-01
9.716127571186472522e-02
1.842594590383574982e-01
1.337017836090428347e-01
2.222967061448253290e-01
3.837655210322576949e-02
1.194741990584944347e-01
1.652839183201484374e-01
1.644114575594599614e-01
2.134913595799989849e-01
1.696829429914119558e-01
1.717169441839310196e-01
1.747169852510968013e-01
1.567702771850720822e-01
1.227668532559942349e-01
1.271170835925410358e-01
1.588119931977427512e-01
1.425814487475465242e-01
1.755258003885025175e-01
2.027178505336078018e-01
1.763308221219830330e-01
1.489920152271260179e-01
1.513379386279609662e-01
1.273490774991712371e-01
2.104274891358555166e-01
2.518107376306177869e-01
1.600628183148842254e-01
1.575037557118434961e-01
2.781273951117322341e-01
1.337095311686633536e-01
2.881278162521114794e-01
1.398931957174864849e-01
2.116645322960781783e-01
2.748305004190338963e-01
2.291461780266050852e-01
1.627149449297489170e-01
1.475921243603810495e-01
2.387751696534738954e-01
1.567702771850720822e-01
1.577841180734464999e-01
1.588119931977427512e-01
1.779001993493185552e-01
1.364842108083816896e-01
1.622472122560223440e-01
2.438080969530345143e-01
1.890456182703363908e-01
1.458335659344447421e-01
9.452189069437988422e-02
2.737901035545791117e-01
2.489071642561473396e-01
2.384838380453331297e-01
2.332763695907154045e-01
1.973470586279706396e-01
2.333525215173626322e-01
2.277467408884090716e-01
2.667051817830898841e-01
2.813787238165206261e-01
1.326833822175359501e-01
1.904058549988620896e-01
1.845924394465923157e-01
1.668338938532691884e-01
1.850290822002857993e-01
1.356488257168910749e-01
1.477321619411275933e-01
1.692960646295835758e-01
2.043202285986343014e-01
2.788560072425365632e-01
2.633591138259596676e-01
2.839937489781059199e-01
1.742896404063927207e-01
1.686163681882835164e-01
1.547644515606885207e-01
2.310007371056093106e-01
2.723273236765555438e-01
1.602522131799757332e-01
1.724605845948756766e-01
1.500678315455061806e-01
1.690928702811609341e-01
1.784004050159504473e-01
2.588365764106397293e-01
1.419273162044509817e-01
1.589320872162351961e-01
1.533800324351366484e-01
2.225875752463180035e-01
1.841999559473119774e-01
1.125886535011577649e-01
1.590489774265089196e-01
2.219393876014290612e-01
1.637153727334501596e-01
1.176827516272140883e-01
1.626096557047880253e-01
2.261041211373369109e-01
1.654506333906438087e-01
1.248190037128207308e-01
1.633668641379006914e-01
2.245672698303389225e-01
1.272150839984327320e-01
1.775172989054674133e-01
8.709357343402324148e-02
1.305294947515838189e-01
1.920908984375211404e-01
2.612557345484542992e-01
1.119134907219194730e-01
2.421928891679030471e-01
1.869096227098800966e-01
1.861301950781664161e-01
2.116760309198841838e-01
1.856090180009335455e-01
2.787750882001933661e-01
1.672176740785635829e-01
1.247479554720092310e-01
2.603875624427161029e-01
1.320388667579441844e-01
2.384004983905620989e-01
1.773574153901282813e-01
2.026119612750667542e-01
1.461365652816191130e-01
1.223911542431901367e-01
1.681234283226817894e-01
1.746249065868283878e-01
1.565991895657656841e-01
1.255512044663458227e-01
2.758572312377767233e-01
1.440186443243405279e-01
1.376242284375539526e-01
2.043202285986343014e-01
1.281272793974386204e-01
2.200470370405218645e-01
1.793444443096481322e-01
1.387040110987145525e-01
1.312952650447414271e-01
1.686163681882835164e-01
1.693058474814872483e-01
1.567702771850720822e-01
6.334705541392349204e-02
1.588119931977427512e-01
1.736243816437212928e-01
1.552698238810634734e-01
1.495382981744981521e-01
1.431885080916277531e-01
1.349177204240650241e-01
1.217719266577752535e-01
1.251729334759064116e-01
2.169390603933205597e-01
1.521069060309692134e-01
1.627149449297489170e-01
1.902733737689121796e-01
1.071190817410556662e-01
3.294066694606812007e-02
2.645796532632997966e-01
2.218721017762117498e-01
1.627149449297489170e-01
1.627149449297489170e-01
1.252384517382694185e-01
1.627149449297489170e-01
1.627149449297489170e-01
2.591312728071653027e-01
2.608005949941984980e-01
1.429668078370687212e-01
1.341612490853174577e-01
1.123142128385641314e-01
1.063853234501985767e-01
1.637703584052934147e-01
1.330605821813550804e-01
1.210189979678837346e-01
1.662099883525973709e-01
1.809247815008561133e-01
1.168911295532035766e-01
1.627149449297489170e-01
1.152062004425227215e-01
2.938428928390264261e-01
1.096460814293145347e-01
2.311632225174999888e-01
1.444772800534384061e-01
2.575993175915174405e-01
1.863792709824352301e-01
1.625254646195131158e-01
6.556877298181706948e-02
1.588493837995290647e-01
1.741546559929041393e-01
2.018776555872339173e-01
1.973082864566695349e-01
1.265372089515386378e-01
1.265372089515386378e-01
2.459511729706447269e-01
1.342541182264316291e-01
2.002635066052533830e-01
1.190758760464909471e-01
1.299716463284878998e-01
1.861838499767980437e-01
1.092728989351643420e-01
1.627584620625217582e-01
1.228969670898392152e-01
1.289748135211130631e-01
1.303572402901940208e-01
1.592435920402186511e-01
1.744416867405016447e-01
7.072631562156406204e-02
1.834050953371306747e-01
2.624327239840997805e-01
1.625873744432171364e-01
1.597016340425536640e-01
1.289657915208950456e-01
1.589245253869586705e-01
1.770420487810202559e-01
1.667022845387773344e-01
2.229425724677946974e-01
1.457103215407391517e-01
2.784962354352744640e-01
2.737798203443411182e-01
2.737901035545791117e-01
1.317863117432009901e-01
1.812016505262512567e-01
2.169566890240171020e-01
1.265372089515386378e-01
1.987812569428148990e-01
1.488864404878018632e-01
1.818801629803923348e-01
1.228969670898392152e-01
1.118219209710344941e-01
1.259772780141918957e-01
1.625254646195131158e-01
6.771671560467940054e-02
9.723148342407306188e-02
1.499613332399976073e-01
1.396668937914666841e-01
1.798408179249539884e-01
1.742833618999961587e-01
2.185857742483898747e-01
1.891066702120323129e-01
1.567702771850720822e-01
1.420598361506604235e-01
1.357435323611815292e-01
2.316201663247010600e-01
1.289824742445837558e-01
1.918670395454658006e-01
1.283372066701859993e-01
1.610865095555169546e-01
1.829956431632542291e-01
1.868562931769357505e-01
1.532900883369396894e-01
1.731390970490149783e-01
1.593855290704651040e-01
2.043202285986343014e-01
1.830734793567367902e-01
1.647721209365053952e-01
2.291461780266050852e-01
1.586900940167783602e-01
1.627750212595042711e-01
2.403794270968857560e-01
1.669090850045247265e-01
1.406720046397165191e-01
2.028660197795311149e-01
1.782117710698623014e-01
1.263198643437588586e-01
2.116760309198841838e-01
1.665522481278385314e-01
1.337095311686633536e-01
1.627437685827208824e-01
1.128639678044205397e-01
2.771880515468145845e-01
2.020441966053327931e-01
2.185634480764857557e-01
1.772429322508042304e-01
1.273490774991712371e-01
1.076732403612608024e-01
2.119465821029695718e-01
1.680248841293092710e-01
1.411450502394799855e-01
1.694292862785600207e-01
1.461974782755355307e-01
2.074292845971994481e-01
1.688800473415703607e-01
2.221536554844609768e-01
2.217241266919236509e-01
1.614025107338443732e-01
1.422763824311905623e-01
1.235504153031063979e-01
1.826458954865817219e-01
1.755258003885025175e-01
1.126879390792527857e-01
1.437786366752247247e-01
1.455283291924729383e-01
1.221221188224159704e-01
6.768378785088913219e-02
2.381964375138272416e-01
1.265372089515386378e-01
7.623561193521588564e-02
1.228969670898392152e-01
1.686163681882835164e-01
1.347262954123555900e-01
1.790789174700897490e-01
2.046720103562638116e-01
1.265372089515386378e-01
2.107655965046024704e-01
1.749365966234055492e-01
1.767305844069779752e-01
1.691927025676527307e-01
2.198340598401964385e-01
2.599662944957881194e-01
1.588119931977427512e-01
1.326071162902300316e-01
1.808121854385218441e-01
1.133845746776076524e-01
6.827468945885684093e-02
1.784004050159504473e-01
1.159834206280114799e-01
1.693058474814872483e-01
1.481438104688272972e-01
1.597374434772351748e-01
1.596182957717893203e-01
1.622350624320647583e-01
1.800663301488656387e-01
2.639537681238985911e-01
2.938428928390264261e-01
1.466223472010277362e-01
1.787774687886889424e-01
2.069537960660809972e-01
1.602541519269129466e-01
2.027436867815959332e-01
1.195236095653431363e-01
2.639537681238985911e-01
2.160382536243901086e-01
1.232871664579988646e-01
2.035964643643852767e-01
2.056132490315913941e-01
2.176911085215467168e-01
1.254079411597404103e-01
2.134913595799989849e-01
1.521628785291015973e-01
2.136972446391567360e-01
1.408094946666027525e-01
1.356401628253189884e-01
1.101002596600926253e-01
9.850951642328187319e-02
1.548569989843544548e-01
2.251259799531180050e-01
1.627149449297489170e-01
1.310882668086259528e-01
1.737984744387350844e-01
1.198681547409474746e-01
2.018776555872339173e-01
1.027106459415563222e-01
1.458335659344447421e-01
1.114469499911789896e-01
1.724605845948756766e-01
1.507995584695356328e-01
1.627149449297489170e-01
1.500678315455061806e-01
1.861301950781664161e-01
1.106286490546004586e-01
1.599688645667347586e-01
2.057454200251935816e-01
1.644114575594599614e-01
1.787508710103802301e-01
2.291461780266050852e-01
1.567702771850720822e-01
1.850290822002857993e-01
1.588493837995290647e-01
1.478200929357802451e-01
1.833802435836124900e-01
1.659817246221662046e-01
2.133631195858312068e-01
2.247971315467989228e-01
1.383667473493463973e-01
1.446178414554992742e-01
2.364980463862291771e-01
1.159467121395261202e-01
1.623829852012361741e-01
1.855189430774570880e-01
1.829629422483112222e-01
1.406999146104501719e-01
1.627149449297489170e-01
1.226790645235809052e-01
2.069537960660809972e-01
1.482426864090591323e-01
1.228969670898392152e-01
1.782117710698623014e-01
2.261832422762495298e-01
1.630086281790115166e-01
1.588119931977427512e-01
1.818617159088882218e-01
1.439882492901105593e-01
1.381290510034478558e-01
2.839937489781059199e-01
2.018312194050055908e-01
9.867024143527824975e-02
1.588119931977427512e-01
1.133845746776076524e-01
1.668909568749432637e-01
1.449896590720829437e-01
1.221011166579533125e-01
1.276263901452585614e-01
1.268765351579181910e-01
2.072975685993627692e-01
3.575554699014649174e-02
1.940028167103733381e-01
1.706086372544701746e-01
1.888379133390616360e-01
2.303960345716307145e-01
1.813415215284948090e-01
1.782117710698623014e-01
1.760078456451106277e-01
1.147393457532279726e-01
1.588119931977427512e-01
2.125266004920565166e-01
1.207631794208925413e-01
1.481928591008232488e-01
1.902367908359972049e-01
1.510548817679149280e-01
1.610297814292858121e-01
1.402395323027914031e-01
1.250190075963146796e-01
1.668056319163069290e-01
1.734305913566256407e-01
2.375604539712687924e-01
1.034041972850996416e-01
1.379557320659294817e-01
2.233123361989957090e-01
1.744416867405016447e-01
2.174954651784659632e-01
1.265372089515386378e-01
1.784056856167683947e-01
1.516958162298838175e-01
2.210456142377843491e-01
1.609967396910310100e-01
1.583683522361791773e-01
1.466776486613223796e-01
1.317208397874454207e-01
1.627149449297489170e-01
1.604476578101383666e-01
1.588119931977427512e-01
2.291461780266050852e-01
1.264097256245673151e-01
1.423902098784344261e-01
1.207631794208925413e-01
1.547935838879679338e-01
2.048691518531722267e-01
2.058251236298200837e-01
1.610410468772647263e-01
1.734305913566256407e-01
1.456588368236406694e-01
1.539865130323034847e-01
1.769099827469515773e-01
1.724521909125344976e-01
1.441081645056785376e-01
2.004640279859577490e-01
2.151597444577220131e-01
1.627149449297489170e-01
1.313710811785702148e-01
1.532530318091476218e-01
1.272115078533389010e-01
2.139765402314299791e-01
1.538523217055596248e-01
2.108527332478651317e-01
1.202605677165662357e-01
1.149013019379427902e-01
1.350264854928004965e-01
1.337095311686633536e-01
1.275349297702224050e-01
1.174624170668678858e-01
1.588493837995290647e-01
1.127244957666579950e-01
1.782117710698623014e-01
1.843848643111005714e-01
2.160694726934844212e-01
2.552619020219326629e-01
6.141654015553665857e-02
2.604827925259485255e-01
1.472941646522434311e-01
2.158529585699255904e-01
2.057454200251935816e-01
1.580674666866874745e-01
2.219050303538621094e-01
1.581974498608893498e-01
2.038652205975237663e-01
1.394780928354251159e-01
1.265372089515386378e-01
1.588119931977427512e-01
2.347408657309317803e-01
1.333176660550492443e-01
2.193685245863834510e-01
2.578627264640243055e-01
1.498047683238716843e-01
1.331658652543241672e-01
1.270658087169307393e-01
1.143674057087968876e-01
5.150574286373910127e-02
2.271641084510696018e-01
1.462969467865100626e-01
2.140944478045225807e-01
1.669059086054511809e-01
1.610865095555169546e-01
1.754821673507596103e-01
2.304126706098053035e-01
1.826624940628969185e-01
1.227668532559942349e-01
2.159203472457384976e-01
2.333525215173626322e-01
1.829771079668391920e-01
2.639537681238985911e-01
1.534753171943421535e-01
1.672176740785635829e-01
2.183387211473872824e-01
2.866193679056809884e-01
1.507995584695356328e-01
1.626946149511061535e-01
1.922934035212771064e-01
2.280726326503108581e-01
1.579117369459632769e-01
1.583829976828399211e-01
2.613392364460942474e-01
2.719791081514024711e-01
1.674963764695043267e-01
2.719511885517755800e-01
1.237598581545560350e-01
2.310007371056093106e-01
1.414104393067310284e-01
1.473904867520730022e-01
2.157285028782878200e-01
1.567702771850720822e-01
2.234067039612206429e-01
2.780613691888058625e-01
1.453257255641062784e-01
2.671753025613670118e-01
1.865851560415947574e-01
1.761496630106806904e-01
1.617699105273473492e-01
1.674271322757210356e-01
1.760075683574253702e-01
1.644114575594599614e-01
2.637562089917651065e-01
2.336602307873345552e-01
1.798408179249539884e-01
1.728454932149228185e-01
1.588493837995290647e-01
2.119465821029695718e-01
1.764105709958379009e-01
2.387751696534738954e-01
2.639537681238985911e-01
1.126820254642586505e-01
1.861581059463359722e-01
1.263421498620918015e-01
2.519630240849011216e-01
1.492168067289432187e-01
2.330948835730781710e-01
1.764105709958379009e-01
1.296029534662483940e-01
2.247971315467989228e-01
2.146222559288819554e-01
1.584830138340693750e-01
1.838514625555607296e-01
1.285123583966685246e-01
1.819865699456713060e-01
2.229466510738742357e-01
1.651323280351668643e-01
2.780613691888058625e-01
1.546638267690498836e-01
2.787750882001933661e-01
2.198340598401964385e-01
2.813787238165206261e-01
1.205989726731457878e-01
1.376608089296702531e-01
1.669059086054511809e-01
1.331617619561589194e-01
2.298246904807443869e-01
1.278290131185091383e-01
1.494487477941781606e-01
1.324215436133302504e-01
1.322245631667602339e-01
2.047830882376038275e-01
1.577841180734464999e-01
1.283317835796573547e-01
1.375669469301863401e-01
1.081403754856324895e-01
2.221852087612559146e-01
1.712254934900583336e-01
2.771880515468145845e-01
2.330948835730781710e-01
1.663310700432623079e-01
1.620155515287118320e-01
1.588119931977427512e-01
1.736243816437212928e-01
1.622267110661699263e-01
2.509692873518396539e-01
1.818993395934525026e-01
2.152587469017204214e-01
2.229466510738742357e-01
2.803482299908655051e-01
1.588119931977427512e-01
1.721339845155682724e-01
2.753668569977216762e-01
1.670110432409339651e-01
2.639537681238985911e-01
2.238400073726207751e-01
2.432802575720458549e-01
1.622267110661699263e-01
1.210390374654561896e-01
1.861176074072030673e-01
1.228969670898392152e-01
1.281706494359928783e-01
1.608109866568074864e-01
2.320227295661325684e-01
1.625198858403020807e-01
2.099988802141306010e-01
2.635224426435405221e-01
1.206266968919997851e-01
1.365755702907254232e-01
2.796676028255156155e-01
1.582127631855572147e-01
2.135870080362121115e-01
1.755595942906253981e-01
6.011333958468156879e-02
2.326740090632233304e-01
1.500678315455061806e-01
2.812784770673513179e-01
2.069537960660809972e-01
1.627149449297489170e-01
1.575169499152666575e-01
1.330230807478605115e-01
1.379282788544706762e-01
1.580674666866874745e-01
1.829956431632542291e-01
1.602541519269129466e-01
1.805937037689862024e-01
1.317876999595384291e-01
1.866964004562223778e-01
2.116645322960781783e-01
1.217324821645844324e-01
1.782117710698623014e-01
2.097973157141161948e-01
1.577841180734464999e-01
2.756391492165199963e-01
2.166335394268603665e-01
1.285123583966685246e-01
2.852679815411001130e-01
2.452924311260860080e-01
1.885184901095469101e-01
2.302009754821838783e-01
1.274474498336797268e-01
1.826458954865817219e-01
2.353550523687903961e-01
6.137327539327852577e-02
1.273702989221732196e-01
1.477287674332652401e-01
2.048691518531722267e-01
1.005708194391585764e-01
2.403794270968857560e-01
1.510772462692022700e-01
1.418854810924203846e-01
2.870704597502520272e-01
2.727470484351259827e-01
2.129691793709715952e-01
1.833231690030565630e-01
1.488864404878018632e-01
2.308555095265916179e-01
1.488864404878018632e-01
1.595906128359576570e-01
1.577935924258788702e-01
1.538296038988304915e-01
1.626096557047880253e-01
1.265372089515386378e-01
1.616088381540983221e-01
2.035329113291064473e-01
1.595906128359576570e-01
1.861503802766426574e-01
2.639537681238985911e-01
1.591992564596402815e-01
2.069379924041827579e-01
2.754369948846200344e-01
1.134024357082124013e-01
1.850599965117467605e-01
1.459233357989297986e-01
1.840787230952249942e-01
1.989088666693898944e-01
1.650958581893471333e-01
1.396115193359754869e-01
2.931156896359565778e-01
1.832086203635805433e-01
2.218311708910123414e-01
1.437103494787699276e-01
1.627149449297489170e-01
1.275925053411333110e-01
1.510772462692022700e-01
1.560369869097995021e-01
1.844949029529772133e-01
1.910523979181713017e-01
1.558863228980778004e-01
2.754369948846200344e-01
1.254878213773080731e-01
1.124271158184271258e-01
1.621209590299184100e-01
2.247971315467989228e-01
1.743473976932730096e-01
2.788250838415944344e-01
1.712358897696484306e-01
1.149013019379427902e-01
2.229425724677946974e-01
2.097895834971339468e-01
2.715662390838708973e-01
2.229425724677946974e-01
1.288064205933281414e-01
1.787441449156501605e-01
1.877271228826300487e-01
4.844005832700570835e-02
2.288826488409112514e-01
1.505969148544838987e-01
2.175242012867828478e-01
2.235605662263431270e-01
1.635896717031384284e-01
2.248584575274925612e-01
1.486994485051340575e-01
1.501912505343439008e-01
1.515584028162670904e-01
2.421928891679030471e-01
1.861897157963277039e-01
2.111825096279673630e-01
