1.534471310955121126e-01
4.849111768743696871e-03
2.282039226476006988e-01
2.019996410948845522e-01
1.444844285203563672e-01
2.421480023659352554e-01
2.938399259147104203e-01
1.666208238895467986e-01
1.837875034160028065e-01
1.866028907203256537e-01
1.556590670938149401e-01
2.256548354575969029e-01
2.259542080130652053e-01
1.234377272187456853e-01
1.473572252192862919e-01
7.909798964498193641e-02
1.238234224627863256e-01
2.369918108804149881e-01
1.828994897961235822e-01
1.541785570285680862e-01
1.727560263931922080e-01
1.161078868518039542e-01
1.137423561367496561e-01
2.463328604313144155e-01
1.213235705205368831e-01
2.704375979974917854e-01
2.585997618340840631e-02
1.309390564916137478e-01
1.762536280882969209e-01
2.640238318696326303e-01
2.078002913504226612e-01
2.336657945499620581e-01
1.584904771056230288e-01
1.806496749771104859e-01
2.199487279743443935e-01
2.780766453381291470e-01
1.243859463666616705e-01
1.705703642026490385e-01
1.863517208306610939e-01
1.304176851664786696e-01
1.764494829369054330e-01
1.653542271908472472e-01
2.772043645686839142e-01
1.345143583232824014e-01
1.316488344299777680e-01
1.022143387894631772e-01
2.421740859210874675e-01
1.602138396589269931e-01
1.602038203039830577e-01
1.209777912912102238e-01
1.661950153748552594e-01
2.419388317685955414e-01
1.517187754086402052e-01
2.214107400057505615e-01
2.329575482952259691e-01
1.654040261956097879e-01
1.161401709563749662e-01
1.810552053584313370e-01
2.237887686667638931e-01
2.056670853439062085e-01
1.815708862290419390e-01
2.640238318696326303e-01
2.233065027976639527e-01
4.787215541206357727e-02
1.213309967187647942e-01
1.503569144718435169e-01
2.041569126098536913e-01
3.234349913173950597e-03
2.938399259147104203e-01
2.155737714125507409e-01
1.755632070957489077e-01
1.338259379038149177e-01
1.465784470391104932e-01
1.222057010616719452e-01
1.590181070316845080e-01
1.353181477157763268e-01
1.330525177215831079e-01
1.506483940590515047e-01
1.590181070316845080e-01
1.789347435978001499e-01
2.787895458900608858e-01
1.584099864995138773e-01
1.769503025383674100e-01
1.507923785223415081e-01
1.450811929096929020e-01
1.184287224966347196e-01
1.152130141194369628e-01
1.587365305141252847e-01
1.729983562791508334e-01
1.341783460921579518e-01
1.855202054562754554e-01
1.493575686115766743e-01
1.728809582909658360e-01
1.647407854319107301e-01
2.337205279059100249e-01
1.646899383721311949e-01
1.820773342399046868e-01
1.791597014105343888e-01
1.581305648777551198e-01
1.566513522799883873e-01
2.646084014652894112e-01
1.661950153748552594e-01
1.385967559458949339e-01
1.311625305048380596e-01
1.489141424307289796e-01
1.597063866266914545e-01
2.225907181429205295e-01
2.607661480325811354e-01
2.640238318696326303e-01
1.620868967123332283e-01
1.986422905287748009e-01
1.753428002596262303e-01
1.134016789047320728e-01
1.620868967123332283e-01
2.030243024734614821e-01
2.727953935360201143e-01
1.273693984954622493e-01
1.423537588371033280e-01
1.997269477907011037e-01
1.542556279135567365e-01
1.483393544957243293e-01
1.685820249165130846e-01
1.411319304696698751e-01
1.260088276568342991e-01
1.156746741319496508e-01
1.511958490512528286e-01
1.812091262383654922e-01
2.921878076321506867e-01
1.718583368460029348e-01
1.204277116500964695e-01
1.569291688599516732e-01
1.589678170384525302e-01
1.589678170384525302e-01
1.406413365082039846e-01
1.653789255142115167e-01
2.087533654071229705e-01
1.303121339281201330e-01
1.412550620602486262e-01
1.423537588371033280e-01
2.204583709643213041e-01
1.577991760617418748e-01
1.486177678930902246e-01
2.295466117211173440e-01
1.320520049590063749e-01
1.481998020304011732e-01
1.265915595708619890e-01
2.747771214073591040e-01
1.624136424329840622e-01
1.585690772229657597e-01
1.620868967123332283e-01
2.159499173104499903e-01
1.368614595729775729e-01
1.506344134599215678e-01
9.945941594325979906e-02
2.039641482208791601e-01
2.698919085825570718e-01
1.621526564115622904e-01
2.674457304728674600e-01
1.781760561992147274e-01
1.624136424329840622e-01
1.102298549096412117e-01
1.998434633004455563e-01
1.187113719191250638e-01
1.470928857560513947e-01
2.709560806902233665e-01
2.114840872588459320e-01
1.933069073657645021e-01
1.902040669238767023e-01
1.120531359714851405e-01
1.777370089273171416e-01
2.775606849033458445e-01
2.465357259322731309e-01
1.630806101527948471e-01
1.473804080293952268e-01
1.948052455360445023e-01
2.437227358347469064e-01
1.784413820012895613e-01
1.789384121822994445e-01
1.915044371005123480e-01
2.070915466341372024e-01
2.081575071539472077e-01
2.149503197948341437e-01
1.042165912842767383e-01
1.022143387894631772e-01
1.860775570292272363e-01
2.180841440267338172e-01
1.726902892393651356e-01
1.691178589435375912e-01
1.589678170384525302e-01
1.371840713510374954e-01
2.624526073438016027e-01
1.525084480856282454e-01
2.207330153716622334e-01
1.567236174989092845e-01
1.701545672107336316e-01
2.796119113282617974e-01
2.640238318696326303e-01
1.649210623867771730e-01
1.853149486823539860e-01
1.291848268885074091e-01
1.742792282097962442e-01
2.282363996587495336e-01
2.069499948237414344e-01
1.268258081887969624e-01
1.432003608137408790e-01
1.556957222322630230e-01
1.905792877484238090e-01
1.777370089273171416e-01
1.647407854319107301e-01
2.707208265377314405e-01
1.605948293672216920e-01
1.506483940590515047e-01
1.584727069958109524e-01
2.799099772073256887e-01
1.740367805997999895e-01
1.673920183288686303e-01
2.227587175640106665e-01
1.144641192697939402e-01
2.668901725331718211e-01
1.496532037125470893e-01
1.798422911569650395e-01
1.558069825710015621e-01
9.450570057769969168e-02
1.621526564115622904e-01
2.517197671269926218e-01
2.640238318696326303e-01
2.316147130581871494e-01
1.810552053584313370e-01
2.633920334202404234e-01
1.406604911706388350e-01
1.589678170384525302e-01
2.641985872233609811e-01
2.256752578773646434e-01
1.164878577241035273e-01
1.447350921483456787e-01
1.632606202082369506e-01
1.666090214145672377e-01
1.281131809762827700e-01
1.651993001172522568e-01
1.318891920102380766e-01
1.624136424329840622e-01
2.029773209879488505e-01
1.186408570382369021e-01
1.752613659701376392e-01
1.197683230061858950e-01
2.738113252845648660e-01
2.633920334202404234e-01
1.319468888934345330e-01
1.003590709674000436e-01
1.696726627417231015e-01
1.948052455360445023e-01
1.995280607783600502e-01
2.411594970868184973e-01
1.598807958250318961e-01
2.938399259147104203e-01
1.202516563313809073e-01
1.374083330399296088e-01
1.401038923007336123e-01
1.483907962464838803e-01
1.717184810967617992e-01
1.265915595708619890e-01
2.640238318696326303e-01
1.402335008655954951e-01
2.368307633783688360e-01
1.836784102617912140e-01
2.305571055229496125e-01
1.098967327020083928e-01
1.417871493327993448e-01
1.149701760437631393e-01
2.195468068304124998e-01
1.569291688599516732e-01
1.990490541497216270e-01
1.259962987011418178e-01
1.411228120254932605e-01
2.640238318696326303e-01
1.559170132363769667e-01
2.339223003917867416e-01
1.567968525901983767e-01
1.815458648958871990e-01
1.609707294746574036e-01
2.229489896015461881e-01
2.852501950116144158e-01
2.416157268817862303e-01
1.821800720915129901e-01
1.450853646327576740e-01
1.998368519988575898e-01
1.355087116549125170e-01
1.218745469655999614e-01
2.225907181429205295e-01
1.328468604882271364e-01
2.070915466341372024e-01
9.984200041102475609e-02
1.583218195823610230e-01
1.799704898180944923e-01
2.126193541493561767e-01
2.337205279059100249e-01
2.047667719844756817e-01
1.254693626215717117e-01
2.260086173010327215e-01
1.319838015840311130e-01
2.600857682474604360e-01
1.740751065472654346e-01
2.627340717162107708e-01
2.121014627373813966e-01
2.321353465845330533e-01
1.457393600622882701e-01
1.422878399146521033e-01
2.347766348170647888e-01
1.486177678930902246e-01
1.618569187265963549e-01
1.585690772229657597e-01
2.286112952412509003e-01
1.193827057480039144e-01
1.985336985330663495e-01
1.359087881474829729e-01
1.837726871196023737e-01
2.002853803207509387e-01
1.241565446704191444e-01
2.780766453381291470e-01
2.134854151033529490e-01
1.236066597583365123e-01
1.262154759541349591e-01
2.224153438388283277e-01
1.783948927806831009e-01
1.825155777011167046e-01
2.352330037970276067e-01
1.210227315847518526e-01
1.569291688599516732e-01
1.281407820552749044e-01
2.727953935360201143e-01
1.686291650955613619e-01
1.329075664586509831e-01
2.433823891720612309e-01
2.699931865723996793e-01
2.938399259147104203e-01
2.727953935360201143e-01
1.371753685523362520e-01
1.068719920233647258e-01
2.342082669170020282e-01
1.443857556399796849e-01
1.068719920233647258e-01
1.430395948983713694e-01
2.166513732915831270e-01
1.205671321132690821e-01
1.567968525901983767e-01
1.681908004093450870e-01
1.427333892268638493e-01
1.400002309493562080e-01
2.052093802267034306e-01
1.745698948591956068e-01
1.458193943512284818e-01
1.610566046772659021e-01
1.509635935155078101e-01
2.364969865957196049e-01
1.642864262181262802e-01
2.312337917026168199e-01
2.243289921060256376e-01
1.098967327020083928e-01
5.654613776586003837e-02
1.923635348951382440e-01
2.374180349090062592e-01
2.203622060442125274e-01
1.799558352241419357e-01
1.640807798797405681e-01
1.236623110826853278e-01
2.288699128845603781e-01
1.535206406213616148e-01
1.560840671603456187e-01
1.774920104343786775e-01
1.296149914345408050e-01
2.624526073438016027e-01
2.343853872712697850e-01
1.670924878932664726e-01
2.081513643941148572e-01
2.328189730239946797e-01
1.222214607002323206e-01
2.120400288336945493e-01
1.472927205573348886e-01
2.633920334202404234e-01
1.876436883629830632e-01
1.428114916864515749e-01
1.140045314536068943e-01
2.123677910399877078e-01
1.849931950805094871e-01
2.421465393566242241e-01
1.275660079710005945e-01
1.834502223412286526e-01
1.717184810967617992e-01
1.677593331933842080e-01
1.579418077836214351e-01
1.336569287511846227e-01
2.173084095893988987e-01
1.268749920424303568e-01
2.727020605697818567e-01
1.108976764984346275e-01
1.829314782542947881e-01
2.325010196200150148e-02
1.270828989650603091e-01
1.599701341585424430e-01
9.345881417944745806e-02
1.678868000180724351e-01
1.177827144559318029e-01
1.732517310785741671e-01
1.641244927444986956e-01
1.491212022574206486e-01
2.115817601226472888e-01
1.813167758521014861e-01
1.262815977981412985e-01
1.657234958307300943e-01
1.709348287278755762e-01
1.146493890933415472e-01
1.786326259332344790e-01
2.012908616767274950e-01
2.388373334179139107e-01
1.589678170384525302e-01
5.996603606520434226e-02
2.227733807917813280e-01
2.739145068913142467e-01
1.486177678930902246e-01
1.377014905714020188e-01
1.525297721388021444e-01
1.239771922540091609e-01
2.058461232200192725e-01
2.238602561398206348e-01
1.486177678930902246e-01
1.316195102993820143e-01
2.406650547832525078e-01
1.673754993003537805e-01
1.757452233452658774e-01
1.677961640025804613e-01
1.880316339526526548e-01
1.296740224070083158e-01
1.439541645559732075e-01
1.082871147369122156e-01
1.688997148631825596e-01
1.345468802439864220e-01
1.708314011509841635e-01
8.350688118001858840e-02
1.483393544957243293e-01
1.960005533030795277e-01
1.589678170384525302e-01
2.337249014386930668e-01
1.368068397661907909e-01
1.188313403797396361e-01
1.798422911569650395e-01
2.713972069929031505e-01
2.938399259147104203e-01
1.184287224966347196e-01
1.758176924019752008e-01
1.211646351179602732e-01
1.238113304491603728e-01
2.325010196200150148e-02
1.246073479833640363e-01
1.816432103711251855e-01
2.025037758781929043e-01
1.626249131334187581e-01
1.988550204265218113e-01
1.370641275953365934e-01
2.199182066252465262e-01
1.500225883800689886e-01
1.708314011509841635e-01
2.640238318696326303e-01
2.682400997020577549e-01
1.230045274079429873e-01
1.024706114047155836e-01
1.349035079658058578e-01
2.339824797559941771e-02
1.187228194598652919e-01
2.788394612213060952e-01
1.569291688599516732e-01
1.489388090627850048e-01
1.626311831733877611e-01
2.130197562745568263e-01
1.220019914067238531e-01
2.551795310969628972e-01
1.814205322185493685e-01
1.435531725259950875e-01
1.728809582909658360e-01
1.046885477587284896e-01
1.414383918921311434e-01
1.540524317575204805e-01
2.259542080130652053e-01
2.640238318696326303e-01
1.488093952744922177e-01
2.206736467855119344e-01
1.620868967123332283e-01
1.483393544957243293e-01
1.189221694019026998e-01
1.194345219768750965e-01
1.262154759541349591e-01
1.739068324999717419e-01
1.569291688599516732e-01
1.639682960242696552e-01
1.343466537532753691e-01
2.758914976835402655e-01
1.997269477907011037e-01
2.207330153716622334e-01
1.728809582909658360e-01
1.542858988914916907e-01
1.691436216824513394e-01
2.228419425682393040e-01
1.945584194771052822e-01
2.745544654328000433e-01
1.589678170384525302e-01
2.102699087309192194e-01
8.780063688860995086e-02
1.890886005605265652e-01
2.142937835648774936e-01
1.797665352987998233e-01
2.025037758781929043e-01
2.877363069526870376e-01
1.532860845547494577e-01
1.507907455044170675e-01
1.909593476106135057e-01
2.740020136387490979e-01
1.090126726794187206e-01
1.480744505678499578e-01
1.781996081875947269e-01
1.264588457980799774e-01
2.285296726579018056e-01
1.589678170384525302e-01
1.497124542900447608e-01
1.798422911569650395e-01
1.798422911569650395e-01
2.285296726579018056e-01
2.219261199302389187e-01
1.460943920766277770e-01
2.345417947910188872e-02
1.902651148434317818e-01
2.036951720566797519e-01
2.449505446108961593e-01
1.372839156449785492e-01
2.191958986007778165e-01
1.106171946250675830e-01
1.648081431229062588e-01
1.107530972309769268e-01
1.024910036301669436e-01
1.273074349013221251e-01
1.329181944053567932e-01
1.770630783691728993e-01
1.812998366459410704e-01
1.332865123129520768e-01
2.900660647041997109e-01
1.455685113696576494e-01
1.585690772229657597e-01
1.271281431316051425e-01
1.400403928402118581e-01
1.504720934942636035e-01
1.998676593501924614e-01
1.544349969320952809e-01
2.205085201920686799e-01
1.737370837727052475e-01
2.236157472381208322e-01
1.616618599988424165e-01
1.532860845547494577e-01
2.631802473091342520e-01
1.339031809904831505e-01
1.062112264383570093e-01
1.698267014431769084e-01
1.374083330399296088e-01
2.143029807208343129e-01
1.514129637242769277e-01
2.640238318696326303e-01
2.747771214073591040e-01
1.256785807842817349e-01
1.673636968253751078e-01
2.422633569313239477e-01
2.156047573158375030e-01
1.476588214267602339e-01
1.831097787819144784e-01
1.640644803634332405e-01
1.423537588371033280e-01
1.313311304072755092e-01
1.737951845267016182e-01
1.714716711972652519e-01
9.269588511197124348e-02
1.638156285039036320e-01
1.206573453855002143e-01
1.710621991613399118e-01
1.168667741086411027e-01
2.227587175640106665e-01
1.486177678930902246e-01
1.863113222201642216e-01
2.938399259147104203e-01
2.148410385211034779e-01
1.254693626215717117e-01
1.620868967123332283e-01
1.423531125674077913e-01
1.012584607616213717e-01
1.395038375859494195e-01
1.394391155281269334e-01
2.437227358347469064e-01
2.242677487018456262e-01
1.398850133128357598e-01
1.277879708290097227e-01
2.115497519257694137e-01
1.342942270200531141e-01
1.177389212852402167e-01
1.760208900668622789e-01
1.569291688599516732e-01
1.309308067680667875e-01
2.112761003108296620e-01
2.712011500308726397e-01
1.212403009978633150e-01
1.958771103047478590e-01
1.182338376036629057e-01
1.863517208306610939e-01
1.070020992395885884e-01
2.241018031500479069e-01
1.332865123129520768e-01
1.511638829723125355e-01
1.483393544957243293e-01
1.648081431229062588e-01
1.682092673424895324e-01
1.229104436762069597e-01
2.789397087934633035e-01
1.363755902244951912e-01
1.816276640001195375e-01
1.825155777011167046e-01
1.744212334100776474e-01
1.445833605204223105e-01
1.668831852160010953e-01
1.177747517689820000e-01
1.271281431316051425e-01
1.721265894441659228e-01
1.576217228902283551e-01
1.206113317418688879e-01
1.743721235509454459e-01
1.867089366341856405e-01
2.832569543687526448e-01
1.446641185945667374e-01
2.425103638552466023e-01
2.854296357396739481e-01
2.627340717162107708e-01
1.519370577531571342e-01
2.123677910399877078e-01
2.812896149673251855e-01
1.697540377226793851e-01
2.252295934583843362e-01
1.485507723019434678e-01
2.205685819223734967e-01
1.766315608797937031e-01
2.656929690563014645e-01
2.709560806902233665e-01
1.620868967123332283e-01
1.627473732584316934e-01
1.108797633236591196e-01
1.723962057308501272e-01
1.663571195202164787e-01
2.780267300068848257e-01
2.900660647041997109e-01
1.484581250392640328e-01
1.270615951006934807e-01
1.735648184255698112e-01
2.746262594840551685e-01
1.541961565534366585e-01
1.118106552850139934e-01
2.800139915624075826e-01
2.481189623206159212e-02
1.775783989875385771e-01
1.220019914067238531e-01
2.780766453381291470e-01
1.362239066746662175e-01
1.585968230573389093e-01
1.831396458397263061e-01
1.589678170384525302e-01
1.355461300753981746e-01
1.381759267475022313e-01
1.719731886041566682e-01
1.294022400667840245e-01
1.483393544957243293e-01
1.291416777649221359e-01
1.710028021732599157e-01
1.677095557419967520e-01
9.631947851511135639e-02
1.547905709904195959e-01
2.130727223500654688e-01
1.770520657178362711e-01
1.127315894696092613e-01
1.459983434193361518e-01
1.585690772229657597e-01
2.753342170601049688e-01
2.025037758781929043e-01
2.234302995387693613e-01
2.036363860145860016e-01
1.649210623867771730e-01
1.543813380711585026e-01
2.174491238228410950e-01
1.807592381605527265e-01
2.220601894596949677e-01
5.124699515146868833e-02
2.245427172810270378e-01
2.640238318696326303e-01
1.585690772229657597e-01
1.686291650955613619e-01
1.503572977552272150e-01
1.153415519243168319e-01
2.010870310890311430e-02
2.274140342205495102e-01
1.174283502100230692e-01
1.502342780857679472e-01
2.388676596074343905e-01
2.202781298693592404e-01
1.080629796079888294e-01
9.385237671357238298e-02
2.025037758781929043e-01
1.262815977981412985e-01
1.355812325998941859e-01
1.103122317880007586e-01
2.382504769415128010e-02
1.260087523464532566e-01
1.798422911569650395e-01
1.395325514687506541e-01
2.266135452791342431e-01
1.483393544957243293e-01
2.326141745700427421e-01
1.275741925491651330e-01
1.174452358673576668e-01
1.417987939709792755e-01
1.348257886233472647e-01
2.022123709926324509e-01
2.354596714557306569e-01
1.656100869685364074e-01
1.009943408260625120e-01
2.542509181131817897e-01
1.688318392143699498e-01
1.750740296425030706e-01
1.666090214145672377e-01
1.571572029767285272e-01
2.122023073854819586e-01
2.405743276633307559e-01
2.831334131085210259e-01
1.255614550217618586e-01
2.248847438592482817e-01
2.160895098759541000e-01
1.719157809598401698e-01
1.798422911569650395e-01
1.199784165287924864e-01
1.525419109956276387e-01
1.164621267540724148e-01
1.268170088289446440e-01
1.798413574828634509e-01
1.483393544957243293e-01
1.874450709533137527e-01
1.413921205805745984e-01
1.330525177215831079e-01
1.728809582909658360e-01
1.768240301407377757e-01
1.152397565921940981e-01
1.624933830605916896e-01
1.820107560644039779e-01
2.225907181429205295e-01
1.207540318076389951e-01
1.142246116687370971e-01
2.208392761483155553e-01
1.270733064906002241e-01
1.417871493327993448e-01
1.831396458397263061e-01
1.626249131334187581e-01
1.146929562437550842e-01
1.761878765316851059e-01
1.397765627906837338e-01
2.108876598173194949e-01
2.108876598173194949e-01
1.681496175389529668e-01
1.490887887230298858e-01
1.676645864632373417e-01
1.462978674355097652e-01
1.777781313551578535e-01
1.122281748228939335e-01
1.723307497060009297e-01
1.640042829677081926e-01
1.184287224966347196e-01
2.205202854739161111e-01
2.243922192763410095e-01
1.937675618903043073e-01
1.717184810967617992e-01
1.500225883800689886e-01
2.780144381214544325e-01
1.479768900760554118e-01
2.448786426380653580e-01
2.029557398381829358e-01
2.025037758781929043e-01
1.645924296647089946e-01
1.417987939709792755e-01
1.407139152574750085e-01
1.572019359535454797e-01
2.077692712682255305e-01
1.213309967187647942e-01
2.235017647445047828e-01
2.220836123560463449e-01
1.550027250158994008e-01
1.560203089906710971e-01
1.294944456502014063e-01
2.787895458900608858e-01
1.717184810967617992e-01
1.559092179567453940e-01
1.107770573384998514e-01
1.663571195202164787e-01
1.150351093590922247e-01
2.119720270694323006e-01
1.742751001937916655e-01
1.904917962266354792e-01
1.796408032801846133e-01
1.589678170384525302e-01
1.259132264820479463e-01
1.697909685962084581e-01
1.816420022116380650e-01
1.818918482969467121e-01
1.483393544957243293e-01
1.822235895299755271e-01
1.261873902834826922e-01
1.584099864995138773e-01
1.599701341585424430e-01
1.206573453855002143e-01
1.226626502429883914e-01
1.716898474859434032e-01
1.278074315470130173e-01
1.535278518556664196e-01
1.672392804741305028e-01
2.240005251602052994e-01
1.569129238123645464e-01
1.843412028915967227e-01
1.600652412330934027e-01
1.270368631855554042e-01
1.591859937430779581e-01
2.518604386025975472e-01
1.334399994527135647e-01
1.373911905842399861e-01
1.559123060768969893e-01
2.126193541493561767e-01
1.813829675647227191e-01
1.902444256247601828e-01
1.790049019495771887e-01
1.829314782542947881e-01
2.225799129913879071e-01
2.286112952412509003e-01
9.572902450988873824e-02
1.732126995239955392e-01
9.803314945136243352e-02
2.168549111833169007e-01
1.128044079638961250e-01
2.224153438388283277e-01
1.511143955563056807e-01
2.712011500308726397e-01
1.620868967123332283e-01
1.256785807842817349e-01
2.009827956316501130e-01
2.623347878840363023e-01
1.064637792679645756e-01
1.373115849730162097e-01
1.539565620408858138e-01
1.589678170384525302e-01
1.253965136377441780e-01
1.124451960890997526e-01
2.248847438592482817e-01
1.030731691818385087e-01
1.585690772229657597e-01
2.224153438388283277e-01
1.081000494911288357e-01
1.160769934786953783e-01
1.485311939996538655e-01
2.382504769415128010e-02
1.052251992714650086e-01
1.831396458397263061e-01
1.687597087496506276e-01
1.289378903230753437e-01
1.315039185640474173e-01
1.585690772229657597e-01
1.610566046772659021e-01
1.427930802124652843e-01
2.786442270933280341e-01
1.733462883984770997e-01
1.433198382828129169e-01
2.225636622582296553e-01
2.388373334179139107e-01
2.766857880187991725e-01
1.732126995239955392e-01
1.770828562511379545e-01
2.058461232200192725e-01
2.154781325720565022e-01
1.470928857560513947e-01
2.290154972463485095e-01
1.620886217858741318e-01
2.146859131280329791e-01
2.475347402967633670e-01
1.455419030787252765e-01
2.709560806902233665e-01
2.589798337038002884e-01
2.378919030954591562e-01
1.731658406283749230e-01
1.486177678930902246e-01
1.712296748104620292e-01
2.610016121361367070e-01
1.779426552657019656e-01
2.585997618340840631e-02
1.431250263088932329e-01
1.966241268703292633e-01
2.145840895749762112e-01
1.394810043651695253e-01
2.376134114762002980e-01
1.534917122391092903e-01
1.586127674980168933e-01
2.182978435839011411e-02
2.449029381629657109e-01
1.339533100715177838e-01
1.990492231566127757e-01
1.320769806470796226e-01
2.038146804808897983e-01
2.096121199813980596e-01
6.180090241230828951e-02
1.512744065415230210e-01
1.585690772229657597e-01
2.230274195841044360e-01
1.419395999871069236e-01
1.685675089815568128e-01
1.330525177215831079e-01
1.741287558337463182e-01
2.100947321925863420e-01
1.904917962266354792e-01
1.552985378151614526e-01
1.757297103946591221e-01
1.174160633522616237e-01
1.483393544957243293e-01
1.276453553114036410e-01
2.938399259147104203e-01
1.487227719863017938e-01
1.488674124899391771e-01
1.483393544957243293e-01
1.256785807842817349e-01
1.736033196706889825e-01
2.224153438388283277e-01
2.236687936774233165e-01
1.252908833059960259e-01
1.524471379304381813e-01
2.038146804808897983e-01
1.229104436762069597e-01
1.825322532023454514e-01
1.726660786510976209e-01
1.356669199921238800e-01
2.243438988853876381e-01
1.254442046004404787e-01
1.552985378151614526e-01
2.823669063563558623e-01
1.620868967123332283e-01
1.185747621900805626e-01
2.860849088808317120e-01
2.258116270677152926e-01
1.660173166050515903e-01
1.797107880680872682e-01
1.503569144718435169e-01
1.913009753818428749e-01
2.753468737634126029e-01
1.756811724310329836e-01
1.156746741319496508e-01
2.341993558914197138e-01
1.237233827420123333e-01
1.914523101539860050e-01
1.328468604882271364e-01
1.647275864822619340e-01
1.010579396028692400e-01
2.228940121278126796e-01
1.902444256247601828e-01
1.585968230573389093e-01
1.508273524386192221e-01
1.377014905714020188e-01
1.372839156449785492e-01
1.857368671389467707e-01
1.658664529323115033e-01
1.357543926592912342e-01
1.972117491939702205e-01
5.010242528425212782e-02
1.184240732181836009e-01
2.640238318696326303e-01
1.715057511990147887e-01
1.777370089273171416e-01
1.887752967121247849e-01
1.237233827420123333e-01
1.793578444310561792e-01
1.717184810967617992e-01
1.585690772229657597e-01
1.769503025383674100e-01
2.635313046854115271e-02
7.706732634504831481e-02
2.796618266595061186e-01
1.474988238876173696e-01
1.326606437273092354e-01
2.640238318696326303e-01
1.478979398987823046e-01
1.529392616063995902e-01
2.217425889116375615e-01
2.026733770673354584e-01
1.483393544957243293e-01
1.872507482966030423e-01
2.874031952999001049e-01
2.430119019498366839e-01
1.208285347181110581e-01
1.237233827420123333e-01
1.296171990271517416e-01
1.076785834349376358e-01
9.100902464780702417e-02
2.675678971672601492e-01
1.330525177215831079e-01
1.265211366141549831e-01
2.640238318696326303e-01
2.036363860145860016e-01
1.616733540714072603e-01
1.602709629839527139e-01
1.850927314519452693e-01
1.798422911569650395e-01
1.212729336524676071e-01
1.128044079638961250e-01
2.245617121209555478e-01
2.079252413038430447e-01
1.486177678930902246e-01
1.514514796658694706e-01
1.691178589435375912e-01
1.782754127085439677e-01
2.805939733007676296e-01
1.236007863536761064e-01
2.633920334202404234e-01
1.576217228902283551e-01
2.024792720103931742e-01
1.345066134617027842e-01
1.238234224627863256e-01
1.788433615565860890e-01
1.221498401081539953e-01
1.177747517689820000e-01
1.388878688772292591e-01
1.508273524386192221e-01
2.303889781674577364e-01
1.246750684852209190e-01
2.066501255997428288e-01
1.300462145933058977e-01
2.205085201920686799e-01
2.120551579882130611e-01
1.085280422959717939e-01
1.397355911858504385e-01
1.565643277713162362e-01
1.816067979642292940e-01
1.670652512095349707e-01
1.139320880319889540e-01
1.777370089273171416e-01
2.148410385211034779e-01
2.834636797935177199e-01
1.829314782542947881e-01
2.120400288336945493e-01
2.584910966097844209e-01
1.742361472538647149e-01
1.446641185945667374e-01
1.210227315847518526e-01
1.777370089273171416e-01
2.120831483054850253e-01
1.651993001172522568e-01
1.675448875365939116e-01
1.631221756244096710e-01
1.784275580027623320e-01
1.863113222201642216e-01
1.345664810171873782e-01
1.602576902303844975e-01
1.195850168392045276e-01
2.633920334202404234e-01
2.029517599284327289e-01
1.160287718894217335e-01
1.380811177481389151e-01
1.676645864632373417e-01
1.332815880963833521e-01
2.118424078967358071e-01
2.286112952412509003e-01
2.140319887752752948e-01
1.952183973991230559e-01
1.706855069038519801e-01
2.309269945885423780e-01
1.231346015431169505e-01
2.213458796850105159e-01
2.342840695280212771e-01
1.145542165905393261e-01
1.301498915811682977e-01
2.411594970868184973e-01
2.224153438388283277e-01
1.825155777011167046e-01
1.270066869182322478e-01
1.515797758488304225e-01
1.666090214145672377e-01
2.156047573158375030e-01
1.988550204265218113e-01
1.502281725671403834e-01
2.439181943626937965e-01
1.226626502429883914e-01
2.780766453381291470e-01
1.145080601136507781e-01
1.829990842611426416e-01
1.495645811438643946e-01
1.482766085005104983e-01
2.019954345553198749e-01
2.603671843365233940e-01
1.611169381932970879e-01
1.112112375213936133e-01
1.374083330399296088e-01
1.068719920233647258e-01
2.266135452791342431e-01
1.264673426881701701e-01
2.667888945433292136e-01
1.399252119811311701e-01
1.621526564115622904e-01
1.309646624170781593e-01
1.230802251694127492e-01
1.750740296425030706e-01
2.857942229109093901e-01
1.872077029033381024e-01
2.484951338325096515e-01
1.777370089273171416e-01
1.331282286653605595e-01
1.825155777011167046e-01
2.108876598173194949e-01
2.224153438388283277e-01
1.483393544957243293e-01
2.207009564118793676e-01
1.227234138761472693e-01
2.306402603174415589e-01
1.717523191534269245e-01
2.126193541493561767e-01
2.938399259147104203e-01
1.641244927444986956e-01
2.900660647041997109e-01
1.589678170384525302e-01
2.085216618904794927e-01
2.877363069526870376e-01
2.498350233631576600e-01
1.770520657178362711e-01
1.847267040689031248e-01
1.821878154948244344e-01
2.601250955543301657e-01
1.567236174989092845e-01
1.777370089273171416e-01
2.433752130498216815e-01
1.011935734781221896e-01
1.589678170384525302e-01
1.127584304593938214e-01
1.449616340676902482e-01
1.515065575835112810e-01
1.790917395645932331e-01
1.766190797237099375e-01
1.066586978786077111e-01
1.721532017047051610e-01
2.757591206320277877e-01
1.313311304072755092e-01
1.825155777011167046e-01
1.725908484076832394e-03
1.344295937039658995e-01
1.417871493327993448e-01
1.816067979642292940e-01
2.296857291019662739e-01
1.209461432517064949e-01
1.212403009978633150e-01
1.263571833870198446e-01
5.654613776586003837e-02
1.585690772229657597e-01
1.374330645115362515e-01
1.486177678930902246e-01
1.007334658604026600e-01
1.030731691818385087e-01
2.188332512141890618e-01
2.174491238228410950e-01
1.609782200196727686e-01
1.569291688599516732e-01
2.789341866941734693e-01
1.282948557795027256e-01
2.363775517979878060e-01
1.717184810967617992e-01
1.483393544957243293e-01
1.239771922540091609e-01
1.003439625059234785e-01
1.262154759541349591e-01
1.535943046579273386e-01
2.551795310969628972e-01
1.498793594403258211e-01
2.336237550762438886e-01
1.161840897555306285e-01
8.691907682153132697e-02
1.485311939996538655e-01
2.049993954168654042e-01
2.254831550855724842e-01
1.648044096341285680e-01
2.328561577019865325e-01
2.335851932256902685e-01
1.620886217858741318e-01
1.514622778843719431e-01
2.398697470022259637e-01
1.155811909380872748e-01
1.380811177481389151e-01
1.462411335691387038e-01
1.256785807842817349e-01
1.242495531156517785e-01
2.306694027427651505e-01
1.941771820303177520e-01
2.151063673317050728e-01
1.645590122903923813e-01
1.433444653016611170e-01
1.867089366341856405e-01
1.625353962233058169e-01
2.240266222642066651e-01
2.219480208316015890e-01
2.584386362431088102e-01
1.618875204139174073e-01
1.586127674980168933e-01
1.528556693946985234e-01
2.376134114762002980e-01
2.312337917026168199e-01
1.654291657789839221e-01
1.156746741319496508e-01
2.286112952412509003e-01
9.403856239699681652e-02
1.666090214145672377e-01
1.211646351179602732e-01
1.522033632288630756e-01
2.402501922115112265e-01
1.723382952361447451e-01
1.172542496065158701e-01
2.732993390121016830e-01
1.791824241611408297e-01
1.418439848333798992e-01
1.690432257068739119e-01
1.342942270200531141e-01
2.318359740290647508e-01
5.266064340793086274e-02
1.576054596131655217e-01
1.717184810967617992e-01
1.517187754086402052e-01
1.709068801719810793e-01
1.859516655340227587e-01
1.343659500451011013e-01
1.438636324552398094e-01
1.431815635074578097e-01
1.428114916864515749e-01
2.433955190443706229e-01
1.443156307772852642e-01
1.405645836686719719e-01
1.742792282097962442e-01
1.353181477157763268e-01
1.685675089815568128e-01
1.445533845379696203e-01
1.289241791514532665e-01
1.130915526670275284e-01
1.506483940590515047e-01
1.268420332614121904e-01
1.726482179822639296e-01
1.686291650955613619e-01
1.564328394366922836e-01
1.964906916408812876e-01
1.699409213245450800e-01
9.984200041102475609e-02
2.242673791347771228e-01
1.863207007484639632e-01
1.667207781696280477e-01
2.299916781086768225e-01
1.719157809598401698e-01
1.373115849730162097e-01
1.688318392143699498e-01
1.517187754086402052e-01
2.085216618904794927e-01
1.715057511990147887e-01
1.089837539154299151e-01
1.619568446707351228e-01
1.664632874629301540e-01
1.462394092261343204e-01
3.810332005908634301e-03
1.018395809109868821e-01
1.734644609763220657e-01
1.678958241396708573e-01
1.709022381027045512e-01
1.610566046772659021e-01
1.313746706285430221e-01
2.475453707761294808e-01
2.261400940135365190e-01
2.197320027487812411e-01
1.569291688599516732e-01
2.222229016966359438e-01
1.640042829677081926e-01
2.062812342580828684e-01
1.589678170384525302e-01
1.719305958396759593e-01
1.292994950044503710e-01
1.808631352047589402e-01
9.614205683203724817e-02
2.048928714584077326e-01
2.321101378304986085e-01
1.414378264802582663e-01
1.669526977896031994e-01
1.259955329952120451e-01
1.681597803271479563e-01
2.757591206320277877e-01
1.863207007484639632e-01
2.055906799061739676e-01
1.426995203125898115e-01
2.772043645686839142e-01
1.553317356891525947e-01
1.417871493327993448e-01
2.325498489681576686e-01
2.384147804253133884e-01
1.693331054687750026e-01
2.370552764320752459e-01
2.775606849033458445e-01
1.377014905714020188e-01
1.541592576864019293e-01
1.560152774084579974e-01
1.589678170384525302e-01
2.675678971672601492e-01
2.241543656788982375e-01
1.751149834025813590e-01
1.184287224966347196e-01
1.332815880963833521e-01
1.146929562437550842e-01
1.479158047950805965e-01
1.255650471074298835e-01
2.648825652667241570e-01
1.237233827420123333e-01
2.489955075522001238e-01
2.321353465845330533e-01
2.713972069929031505e-01
2.012908616767274950e-01
1.675743211003188904e-01
1.904917962266354792e-01
1.899672324870911311e-01
2.449228743147626730e-01
1.398134721907080547e-01
1.161840897555306285e-01
2.438907467226716363e-01
2.139948868633716472e-01
1.884350690995733046e-01
1.164878577241035273e-01
1.784368657006849546e-01
1.285630024250608017e-01
1.435776113194577874e-01
1.517034751709669393e-01
1.474778174599045144e-01
2.230274195841044360e-01
1.623785128649375409e-01
1.863517208306610939e-01
1.417871493327993448e-01
2.205202854739161111e-01
1.691178589435375912e-01
2.635313046854115271e-02
1.120111410966782017e-01
1.668473058658159758e-01
2.241537636592072502e-01
1.639229834995497015e-01
1.728809582909658360e-01
1.319296321057175092e-01
2.696653389662477807e-01
1.288736686642373286e-01
2.025037758781929043e-01
2.806801785638137758e-01
1.576838442707595433e-01
1.367310577445701725e-01
2.818784984721407483e-01
1.241565446704191444e-01
1.029927948800484216e-01
1.788861278693776313e-01
1.323694755422302194e-01
2.402523724573759623e-01
2.097606485005334420e-01
1.262072541383654212e-01
1.708280727568993740e-01
1.972188128724825518e-01
1.373703071423904021e-01
1.779426552657019656e-01
1.998434633004455563e-01
1.220653505696009944e-01
1.653192713299747041e-01
1.161619758446192918e-01
7.911219822841619731e-02
2.009065653201034252e-01
1.919500468034369689e-01
1.827283075988637151e-01
1.553301312661359290e-01
2.188332512141890618e-01
2.156047573158375030e-01
1.059249445833483350e-01
2.732993390121016830e-01
2.012908616767274950e-01
2.220836123560463449e-01
1.229049222813669573e-01
1.270733064906002241e-01
2.886540257123719755e-01
1.672349687387510997e-01
1.194669307796489832e-01
2.305101306774943737e-01
2.468029494739152341e-01
1.589678170384525302e-01
1.859390875929989306e-01
2.305297613127530454e-01
9.747500438944722845e-02
2.043800487740563554e-01
1.526917726419361188e-01
1.356669199921238800e-01
2.873193189991622987e-01
1.205671321132690821e-01
2.213786810459676957e-01
2.811682898484297866e-01
1.585690772229657597e-01
1.984096480924177897e-01
1.508273524386192221e-01
1.319405110909812606e-01
1.259955329952120451e-01
1.585690772229657597e-01
2.312491573325941019e-01
2.164149120467904197e-01
1.585690772229657597e-01
1.332865123129520768e-01
2.297698898173745619e-01
2.030243024734614821e-01
1.790888682668585474e-01
1.770157522956683493e-01
2.019367433590275596e-01
4.718666043136909849e-02
1.569291688599516732e-01
1.485292730470382239e-01
1.237233827420123333e-01
2.045841726996489029e-01
1.716691558134719742e-01
1.410469655398456368e-01
1.675448875365939116e-01
1.717184810967617992e-01
2.713972069929031505e-01
1.279864280062179560e-01
1.636028986061557333e-01
1.136651941574902125e-01
1.655890705113618466e-01
1.342942270200531141e-01
1.725349748899072111e-01
1.517187754086402052e-01
1.195823706783061269e-01
1.511031796654735970e-01
1.772196641205834311e-01
1.865318945271479123e-01
1.728809582909658360e-01
1.600376081981114140e-01
1.798422911569650395e-01
5.010242528425212782e-02
1.457393600622882701e-01
2.224153438388283277e-01
2.233555118330290412e-01
1.302467684585577601e-01
2.607661480325811354e-01
1.064637792679645756e-01
1.763977044746116718e-01
2.337205279059100249e-01
1.632487844495482676e-01
2.465357259322731309e-01
1.682938227932835318e-01
5.247897488101038732e-02
2.606395822200742174e-01
1.582241542789812883e-01
2.881308352652318661e-01
1.896595859777194804e-01
1.949277528933244241e-01
1.255122166963476005e-01
1.419649315626507757e-01
2.218387538317463381e-01
1.177389212852402167e-01
1.691178589435375912e-01
1.265915595708619890e-01
1.250867490078633182e-01
2.039641482208791601e-01
1.779167689800980057e-01
1.134016789047320728e-01
1.237695551536397431e-01
1.809436741231245094e-01
1.777370089273171416e-01
1.744362691189262904e-01
9.984200041102475609e-02
1.486177678930902246e-01
1.321504292943425085e-01
1.267694184802357071e-01
2.019367433590275596e-01
1.623387038448464992e-01
2.192404819911581981e-01
1.923018764643904532e-01
1.406123627247364283e-01
2.370541265164476386e-01
1.715057511990147887e-01
1.585690772229657597e-01
2.612909519509258871e-01
1.589678170384525302e-01
1.349432991610619581e-01
2.398697470022259637e-01
2.286112952412509003e-01
1.585690772229657597e-01
2.406501480038896190e-01
1.863517208306610939e-01
1.732135369470917396e-01
1.794510510639000245e-01
1.246633351649917287e-01
1.160814783540935480e-01
1.618569187265963549e-01
1.979391048177614465e-01
2.284672129686162734e-01
1.639229834995497015e-01
1.098635480536076514e-01
2.900660647041997109e-01
2.772043645686839142e-01
1.237233827420123333e-01
2.622344943980801091e-01
1.648081431229062588e-01
1.256785807842817349e-01
1.572019359535454797e-01
2.604247606821008532e-01
1.377014905714020188e-01
2.747771214073591040e-01
1.895916289632708640e-01
1.543457778184453844e-01
2.900660647041997109e-01
2.225907181429205295e-01
1.781672181998565918e-01
1.881778184318649849e-01
1.473606270967380283e-01
1.740367805997999895e-01
1.625871037302983879e-01
1.559108826471371501e-01
2.130727223500654688e-01
1.212788061843994569e-01
1.480804961802455466e-01
1.928322665711519335e-01
1.589678170384525302e-01
2.285998756334635118e-01
1.648654933398718825e-01
1.581187153334351336e-01
1.641244927444986956e-01
2.640238318696326303e-01
1.739675759488523710e-01
1.582875313849365639e-01
1.791645665228767115e-01
2.722829481593391776e-01
1.216029634912656476e-01
1.506483940590515047e-01
2.154745283158909785e-01
2.785594755855855809e-01
5.566267240674882544e-03
1.355812325998941859e-01
1.620868967123332283e-01
1.750740296425030706e-01
1.633928119728169648e-01
2.874031952999001049e-01
1.226781629751378944e-01
2.111502668421847417e-01
3.104957544714626039e-02
1.368481580954181709e-01
1.688436951421028454e-01
1.827941209961974067e-01
1.462411335691387038e-01
1.487290518651658289e-01
1.379190313118066058e-01
1.256835998584859837e-01
1.620868967123332283e-01
1.818378530670274884e-01
2.254185810858659877e-01
1.256785807842817349e-01
1.688318392143699498e-01
1.209178736868912196e-01
1.471747673595134032e-01
1.434367273768240025e-01
2.012908616767274950e-01
1.225123588793888274e-01
2.060588531177662830e-01
1.984643228154299166e-01
1.268420332614121904e-01
1.208392632777588460e-01
1.355957963237370834e-01
2.550397432562148126e-01
2.882255607381001283e-01
1.701007589633691808e-01
2.029773209879488505e-01
1.649210623867771730e-01
1.420335909649583783e-01
1.769503025383674100e-01
1.960292404132442101e-01
1.997269477907011037e-01
3.104957544714626039e-02
2.630050404114756546e-01
1.648081431229062588e-01
2.070915466341372024e-01
3.536168204473888466e-03
2.176876179614968265e-01
2.305571055229496125e-01
2.156047573158375030e-01
1.475329457410401446e-01
2.874031952999001049e-01
2.213731589466769734e-01
1.621279721555950459e-01
1.581643076623393540e-01
2.301562472615703570e-01
1.717184810967617992e-01
1.589678170384525302e-01
2.326141745700427421e-01
1.317209680501898461e-01
1.620868967123332283e-01
1.147715129063460182e-01
2.578092630714428068e-01
1.988235065373933352e-01
1.140641459750968423e-01
2.057143038169533256e-01
1.198868339032586050e-01
1.556957222322630230e-01
1.624136424329840622e-01
2.218381536830182910e-01
1.625346433606837948e-01
2.428904419052857477e-01
2.170274994802054991e-01
2.609568705191902538e-01
1.620868967123332283e-01
1.506483940590515047e-01
1.114723064120610729e-01
1.349558897966973703e-01
1.767483476749074356e-01
1.514577138643602439e-01
1.332865123129520768e-01
1.551127215661836090e-01
1.666090214145672377e-01
2.205085201920686799e-01
1.770341298594617641e-01
1.699368630790871748e-01
2.143477345313664628e-01
1.620868967123332283e-01
1.337153683903125057e-01
1.328468604882271364e-01
2.359640234348745480e-01
1.662568426841080083e-01
2.126954127844804532e-01
1.837844946057503037e-01
7.936288507305189199e-02
1.480063503627127020e-01
1.799736786631100927e-01
1.600652412330934027e-01
2.778387917406872631e-01
1.620868967123332283e-01
2.130727223500654688e-01
1.282948557795027256e-01
1.480894880347900511e-01
1.470928857560513947e-01
1.449139814706175144e-01
1.442172719871193109e-01
2.803395512935944467e-01
2.056670853439062085e-01
1.872575264278539819e-01
2.120551579882130611e-01
2.147680168363574893e-01
1.382245637595955756e-01
2.627475920156960854e-01
1.262154759541349591e-01
1.404140495384789133e-01
1.262154759541349591e-01
2.025037758781929043e-01
2.234870060226317179e-01
1.308643305512546817e-01
1.689058789741171296e-01
1.328468604882271364e-01
1.608530855736454157e-01
1.013963537065469822e-01
1.516754469926473448e-01
2.235503270444016977e-01
1.515988567674879661e-01
2.938399259147104203e-01
2.161657188111689720e-01
1.671130516629331098e-01
1.693496490122887721e-01
1.613719992289199823e-01
2.439132294709072113e-01
9.986833329870936637e-02
1.052018493450201930e-01
1.349289927756549545e-01
1.603222154627932383e-01
1.767841588437049083e-01
5.021420031212375790e-02
2.176655236408375771e-01
1.452610851545097503e-01
2.217425889116375615e-01
2.118745197318139262e-01
1.600652412330934027e-01
5.566267240674882544e-03
1.254693626215717117e-01
1.075615495835267055e-01
1.013485175014539053e-01
1.679394125323865339e-01
1.639229834995497015e-01
2.344481678712417860e-01
1.417601886646346898e-01
1.895038938587951804e-01
1.233775579015796708e-01
1.688318392143699498e-01
1.259132264820479463e-01
1.572898568636764693e-01
2.432038191996355181e-01
1.777370089273171416e-01
1.777370089273171416e-01
1.328426484524758422e-01
1.666090214145672377e-01
2.877363069526870376e-01
1.127315894696092613e-01
2.193907443495097809e-01
2.126193541493561767e-01
1.254693626215717117e-01
9.736463128508532350e-02
1.685675089815568128e-01
1.371889210807486492e-01
1.443367181360146745e-01
1.848859871589567661e-01
4.728698669302833224e-02
2.388770924171916832e-01
2.337249014386930668e-01
1.343541059307185037e-01
1.623785128649375409e-01
2.182978435839011411e-02
1.283892353360069905e-01
1.776009454854863279e-01
1.276453553114036410e-01
1.748511172134676883e-01
1.641866611935824949e-01
1.784111436327702194e-01
1.693331054687750026e-01
1.237233827420123333e-01
1.451593019325185807e-01
1.565515519916154119e-01
1.802173229697929813e-01
2.058461232200192725e-01
1.732126995239955392e-01
1.708753305449270954e-01
1.288991713652416493e-01
1.322416823873817648e-01
1.249662483169347027e-01
2.778387917406872631e-01
1.415758786323637608e-01
1.653875165021130300e-01
1.518337681872710121e-01
1.345664810171873782e-01
1.460452766000965852e-01
1.837181846432436316e-01
1.060307240540572238e-01
1.339942688765995982e-01
2.326141745700427421e-01
2.212927867099718782e-01
2.345417947910188872e-02
1.750740296425030706e-01
2.471861538268020908e-01
2.570302604475109831e-01
1.928059601875684592e-01
1.752279505224372258e-01
1.329181944053567932e-01
1.623785128649375409e-01
1.276453553114036410e-01
1.427333892268638493e-01
1.595885663082547978e-01
1.711518482836780208e-01
2.796119113282617974e-01
1.449139814706175144e-01
2.055011397921093774e-01
2.666333600820536276e-01
2.230323389962300951e-01
2.166513732915831270e-01
1.291050539267857289e-01
1.537832256835827138e-01
1.233438672742641629e-01
1.768048631089378375e-01
2.730449228249058891e-01
1.639699555914706508e-01
1.098967327020083928e-01
1.781381742839087678e-01
1.782069095624763122e-01
2.679215265195828977e-01
2.227362597037991776e-01
1.825052180401138813e-01
1.569291688599516732e-01
2.803395512935944467e-01
2.687578822789573607e-01
1.189123262928895031e-01
2.504512031885912648e-01
1.112963703377918279e-01
1.967032485658846142e-01
2.205202854739161111e-01
1.708314011509841635e-01
1.512834233422477581e-01
1.801015071905283094e-01
2.305462239444722172e-01
1.222902584854255181e-01
2.213783346965856325e-01
1.801174166064889448e-01
1.499133534202119478e-01
2.132962799391604491e-01
2.785109942754848689e-01
2.111778477478711835e-01
1.642806232402440614e-01
1.740751065472654346e-01
2.224372437017478887e-01
1.241565446704191444e-01
1.803756709919630552e-01
1.469650942868661048e-01
2.388373334179139107e-01
2.960173115576267833e-01
2.143477345313664628e-01
1.778584594085153014e-01
1.273179767173520105e-01
1.630300435025251460e-01
1.624240019549558767e-01
1.588547865702016892e-01
1.716607377634398190e-01
9.438057075184413947e-02
2.400763892673403177e-01
2.757591206320277877e-01
1.798422911569650395e-01
2.116892338225442316e-01
2.195752477275529913e-01
1.225781629696953701e-01
1.017767112402028218e-01
1.260938462251601777e-01
1.717184810967617992e-01
2.581467648911086599e-01
2.771084722149996793e-02
1.393382354911025800e-01
2.184124645100355977e-01
2.019367433590275596e-01
2.570302604475109831e-01
4.787215541206357727e-02
1.650352986510528197e-01
2.785380446990144421e-01
1.991024556275640123e-01
1.960005533030795277e-01
1.543457778184453844e-01
1.667374512643640116e-01
2.084108957842589760e-01
1.270608797172041449e-01
3.810332005908634301e-03
1.389805292171812923e-01
1.226781629751378944e-01
1.752279505224372258e-01
5.840431042109628379e-03
9.704699377136982719e-02
1.795634907694418914e-01
1.420111962724543986e-01
1.233569922280608466e-01
1.483393544957243293e-01
1.622871830021352935e-01
1.223238567623203821e-01
2.222963422537933553e-01
1.904917962266354792e-01
2.060588531177662830e-01
1.769503025383674100e-01
2.236687936774233165e-01
1.168859062604425958e-01
1.243247180585376199e-01
2.483233050174025180e-01
2.780267300068848257e-01
1.769503025383674100e-01
1.370331715756512025e-01
2.121223135939382942e-01
2.460048856334289269e-01
1.755152854047299371e-01
2.309269945885423780e-01
1.585690772229657597e-01
1.999604514727533200e-01
2.257726021437660435e-01
2.805248901148402751e-01
2.286112952412509003e-01
1.473139924195514538e-01
1.668779975787666459e-01
1.569291688599516732e-01
1.557960200130388273e-01
2.430505332999484125e-01
2.225907181429205295e-01
1.681908004093450870e-01
1.247734409658889376e-01
1.112755020339433187e-01
1.474362954801726744e-01
2.190623888141844944e-01
1.565583254117575152e-01
1.737693055251705587e-01
1.212768885865855850e-01
1.728809582909658360e-01
1.757147492179784720e-01
2.727684987132557026e-01
1.030731691818385087e-01
1.585690772229657597e-01
1.806711098172790742e-01
1.472108462220882430e-01
1.609707294746574036e-01
1.485311939996538655e-01
1.717184810967617992e-01
1.770520657178362711e-01
1.259132264820479463e-01
1.489726352453404346e-01
1.770296764791234878e-01
2.318783774627464211e-01
2.224153438388283277e-01
1.218745469655999614e-01
1.517187754086402052e-01
1.407179328539358565e-01
1.370831231529754390e-01
1.450583316436020453e-01
1.625346433606837948e-01
1.602138396589269931e-01
2.624526073438016027e-01
2.312337917026168199e-01
1.895824078028827131e-01
1.490887887230298858e-01
1.620868967123332283e-01
1.256785807842817349e-01
1.428393707856283612e-01
1.820773342399046868e-01
1.736033196706889825e-01
1.024706114047155836e-01
2.397503122044941648e-01
2.146413507133937415e-01
1.676645864632373417e-01
2.155132410559001954e-01
1.829314782542947881e-01
2.753468737634126029e-01
1.997269477907011037e-01
1.282948557795027256e-01
1.241883552274423153e-01
1.589678170384525302e-01
1.759837273498616739e-01
1.519373272685244913e-01
1.417007554796452240e-01
1.237233827420123333e-01
2.234215354187369940e-01
2.883722491669535870e-01
1.455685113696576494e-01
1.185483127841964190e-01
1.483393544957243293e-01
2.691910031889062083e-01
1.762066397788961680e-01
2.424823873499510896e-01
1.492789256205986348e-01
1.852974063680186134e-01
1.428415154659363751e-01
2.025037758781929043e-01
2.640238318696326303e-01
1.543457778184453844e-01
2.227587175640106665e-01
1.184287224966347196e-01
1.271937093282264897e-01
1.218426338046176838e-01
1.664231823780388808e-01
2.227587175640106665e-01
1.195850168392045276e-01
2.238602561398206348e-01
1.589678170384525302e-01
1.807969223158192307e-01
1.610488031100665296e-01
1.454068599946261031e-01
1.124738019735458394e-01
2.154431759334913821e-01
1.399733511579315248e-01
1.224397638455521076e-01
1.343541059307185037e-01
1.126871454037461362e-01
2.391275847574059199e-01
2.778387917406872631e-01
2.698919085825570718e-01
1.779338294091026285e-01
1.541332359235179084e-01
1.688318392143699498e-01
2.785380446990144421e-01
1.260879750549133149e-01
1.634173795101467874e-01
1.602623530617606207e-01
2.772744183289495012e-01
2.339223003917867416e-01
1.768880558879093456e-01
1.640644803634332405e-01
2.777843678169773511e-01
2.735230219257331896e-01
1.814011516258453582e-01
2.049794576630796783e-01
1.888507427924333015e-01
2.222229016966359438e-01
1.777370089273171416e-01
1.583952267576131945e-01
2.107128530115298659e-01
2.839820302953048881e-01
1.844574936807878984e-01
2.010166978752936373e-01
1.502342780857679472e-01
2.640238318696326303e-01
1.666090214145672377e-01
2.794239730620642348e-01
1.623785128649375409e-01
1.311625305048380596e-01
1.160814783540935480e-01
2.429417180033395240e-01
1.147752911507895490e-01
1.829314782542947881e-01
2.050191255580724459e-01
1.634176966264710984e-01
2.305989523713165568e-01
2.027165057759408029e-01
1.315758210651267746e-01
1.831097787819144784e-01
2.201309365229935366e-01
2.803395512935944467e-01
1.302967472716511921e-01
1.770296764791234878e-01
1.579418077836214351e-01
2.173415342690629970e-01
2.174491238228410950e-01
1.887752967121247849e-01
1.042165912842767383e-01
2.176655236408375771e-01
2.120400288336945493e-01
2.125462567656324353e-01
1.620868967123332283e-01
2.633920334202404234e-01
1.717184810967617992e-01
1.486177678930902246e-01
2.306402603174415589e-01
1.740988887759327142e-01
1.417871493327993448e-01
1.628790247761040533e-01
2.113843348061914540e-01
2.883970153625989852e-01
1.613791402718254275e-01
1.756184974842520674e-01
1.589678170384525302e-01
2.070915466341372024e-01
2.153958829480702164e-01
1.730510280544041990e-01
2.242677487018456262e-01
2.089135545575109276e-01
1.730026970366553840e-01
1.225123588793888274e-01
1.475329457410401446e-01
1.825155777011167046e-01
2.938399259147104203e-01
1.073849059319353927e-01
1.777370089273171416e-01
1.151051528805719926e-01
2.709560806902233665e-01
5.420952157435543484e-03
1.854136491129363407e-01
2.550397432562148126e-01
2.322248113664047153e-01
1.579418077836214351e-01
1.589678170384525302e-01
2.640238318696326303e-01
2.048631946850587582e-02
2.326141745700427421e-01
2.403516847153870373e-01
1.291124457369381417e-01
1.462394092261343204e-01
1.387824527950680675e-01
1.646899383721311949e-01
1.137432902346340313e-01
1.335128613255722740e-01
1.760319304061708223e-01
1.025136593781246219e-01
2.030971217624948366e-01
1.732012484452134515e-01
1.302331287948259586e-01
1.449713808991193176e-01
1.174452358673576668e-01
1.810774628753124560e-01
1.620267110382132003e-01
1.140641459750968423e-01
2.446299943857495052e-01
1.673636968253751078e-01
1.589678170384525302e-01
2.787895458900608858e-01
1.920518306566174616e-01
1.816422057810687107e-01
2.679921388598236476e-01
2.285296726579018056e-01
1.829314782542947881e-01
1.486177678930902246e-01
1.636028986061557333e-01
2.453933826916232519e-01
2.196801762744549080e-01
1.850926969831618862e-01
1.060777072068725957e-01
1.541785570285680862e-01
1.578691047385465396e-01
2.388373334179139107e-01
2.108876598173194949e-01
1.620868967123332283e-01
1.752613659701376392e-01
1.332865123129520768e-01
2.121912079322543221e-01
2.176655236408375771e-01
1.239771922540091609e-01
2.191281373246427577e-01
1.829314782542947881e-01
1.741287558337463182e-01
1.486177678930902246e-01
1.471534700924452821e-01
9.100902464780702417e-02
2.354596714557306569e-01
1.788890528314412975e-01
1.884350690995733046e-01
1.328468604882271364e-01
1.285334111788181133e-01
1.575769854065329767e-01
2.183928188233359435e-01
2.285313031429048181e-01
2.009241044353577976e-01
2.259542080130652053e-01
1.180386947867635428e-01
2.021494732567754582e-01
1.245189807828745998e-01
2.162813512110393077e-01
2.286112952412509003e-01
2.205202854739161111e-01
1.543493298966716054e-01
1.666090214145672377e-01
1.620868967123332283e-01
2.284672129686162734e-01
1.612396776249820363e-01
1.256785807842817349e-01
1.795681273555311819e-01
1.419395999871069236e-01
1.856429761143756352e-01
1.569401815112883014e-01
2.856881555258228289e-01
1.705712080885186666e-01
1.997269477907011037e-01
2.120400288336945493e-01
1.573526002274396873e-01
1.214938010209767327e-01
2.034826507567188969e-01
1.485718002133404880e-01
1.620692436009356641e-01
1.987414264590912083e-01
1.798422911569650395e-01
2.670741880008300484e-01
1.742751001937916655e-01
2.074071945482316437e-01
1.726902892393651356e-01
1.514622778843719431e-01
1.319976269759992604e-01
1.483393544957243293e-01
1.636373279762839417e-01
2.046713638056170126e-01
2.333447264342041194e-01
1.655021672733001381e-01
1.317209680501898461e-01
2.359549378442222789e-01
1.667632140032786481e-01
2.321101378304986085e-01
2.778387917406872631e-01
1.265915595708619890e-01
1.717184810967617992e-01
2.471509820931361290e-01
2.222229016966359438e-01
2.640238318696326303e-01
1.781184918081786250e-01
1.270368631855554042e-01
1.565534676447555285e-01
2.938399259147104203e-01
1.589678170384525302e-01
1.683515117407665684e-01
1.259132264820479463e-01
1.655245754830865224e-01
1.051170301396711082e-01
1.296740224070083158e-01
1.515820278494270923e-01
1.620692436009356641e-01
1.816067979642292940e-01
1.326895457530081757e-01
1.781672181998565918e-01
2.422510717574013483e-01
1.607137969180127968e-01
1.398595793848071978e-01
1.225173543547741772e-01
1.832559808910438903e-01
1.398821180578408985e-01
2.222229016966359438e-01
2.581467648911086599e-01
1.663319102536444660e-01
2.785380446990144421e-01
8.589284699371901866e-02
1.282948557795027256e-01
1.098967327020083928e-01
1.166849589553153876e-01
1.706668637242554354e-01
1.515822490970943903e-01
1.582241542789812883e-01
1.595407212392512264e-01
1.656622126340234757e-01
1.676183428955972943e-01
1.510588035144975194e-01
2.787895458900608858e-01
1.624136424329840622e-01
2.058461232200192725e-01
2.343681670808788198e-01
1.486177678930902246e-01
1.289785983571922756e-01
1.738717070592423752e-01
1.644556373577810149e-01
1.728809582909658360e-01
2.211963440191704322e-01
2.666333600820536276e-01
1.729338735055305776e-01
1.480590677601059113e-01
1.462411335691387038e-01
1.717184810967617992e-01
2.751710682034138600e-01
1.751287323115970906e-01
2.321353465845330533e-01
2.012908616767274950e-01
1.732517310785741671e-01
1.296740224070083158e-01
1.373632895857328506e-01
1.855177383795778567e-01
1.462803335403659588e-01
1.229104436762069597e-01
2.224153438388283277e-01
5.654613776586003837e-02
1.588142497500024675e-01
1.679816785751064856e-01
1.741279326918814263e-01
1.807592381605527265e-01
1.498937186482445227e-01
1.560203089906710971e-01
2.382504769415128010e-02
1.802173229697929813e-01
1.303229582473219850e-01
1.758353688883280697e-01
1.331282286653605595e-01
1.984096480924177897e-01
1.795894137903344401e-01
1.623785128649375409e-01
2.640238318696326303e-01
1.612396776249820363e-01
2.363775517979878060e-01
1.569291688599516732e-01
1.557960200130388273e-01
1.535797480668321668e-01
2.250667424457875043e-01
1.816042390427465847e-01
1.660464169490190045e-01
2.224153438388283277e-01
1.777779102857302007e-01
2.481189623206159212e-02
2.270037624072429594e-01
2.757515321659882446e-01
1.706505820292729680e-01
1.262154759541349591e-01
1.474988238876173696e-01
1.451294183994500386e-01
1.438686890683644748e-01
1.292994950044503710e-01
1.775369196236846747e-01
1.773134189356557755e-01
1.237233827420123333e-01
1.220653505696009944e-01
2.604247606821008532e-01
1.502342780857679472e-01
2.504841143031271145e-01
1.503564030289057385e-01
1.596094619810095594e-01
1.877863861743760410e-01
1.620868967123332283e-01
2.157220774962755883e-01
1.074991913257603571e-01
1.561873237079796084e-01
1.798422911569650395e-01
1.676645864632373417e-01
1.775684164662445497e-01
2.121014627373813966e-01
1.483393544957243293e-01
1.263793178333862954e-01
1.717184810967617992e-01
1.214933208576569612e-01
2.253863364858998963e-01
1.494048013063196123e-01
1.585690772229657597e-01
2.373120763187479554e-01
1.568238614337165160e-01
2.593134620479844443e-01
1.624240019549558767e-01
2.252295934583843362e-01
1.446445699585403588e-01
1.301824864539318227e-01
1.798422911569650395e-01
1.634173795101467874e-01
1.121614331396294517e-01
1.728809582909658360e-01
1.217933420592647309e-01
1.208008288681536868e-01
1.892413871534444070e-01
2.145028376064068709e-01
1.665953598143250503e-01
1.212788061843994569e-01
1.999349896718305430e-01
1.589678170384525302e-01
9.581257208431903649e-02
1.620868967123332283e-01
2.713654879641760331e-01
1.784123380853417373e-01
2.214452515946421229e-01
2.321101378304986085e-01
1.353597590750608148e-01
1.633928119728169648e-01
1.698267014431769084e-01
1.928882862796301723e-01
1.733291558692560130e-01
1.057954394180669055e-01
2.758774115357649492e-01
1.728809582909658360e-01
1.296740224070083158e-01
1.554702826562470719e-01
2.150378268747070720e-01
2.019367433590275596e-01
1.149701760437631393e-01
1.517187754086402052e-01
1.337299999346868162e-01
1.744198149694913269e-01
1.875792152424242687e-01
1.462978674355097652e-01
2.852223234910615801e-01
1.740367805997999895e-01
2.230274195841044360e-01
1.582875313849365639e-01
2.285238427399161054e-01
1.984096480924177897e-01
1.435776113194577874e-01
1.458728943269225198e-01
1.650549066016839816e-01
9.581257208431903649e-02
2.828747962887021572e-01
2.058346589830168938e-01
1.098967327020083928e-01
1.419395999871069236e-01
1.569155329083455896e-01
1.623387038448464992e-01
1.443857556399796849e-01
1.446641185945667374e-01
1.940615827765732604e-01
1.399252119811311701e-01
2.727953935360201143e-01
2.079252413038430447e-01
1.375285699402484241e-01
2.398697470022259637e-01
2.222963422537933553e-01
1.745698948591956068e-01
2.141933885451257069e-01
2.633920334202404234e-01
1.638195495880614416e-01
1.568333226470617348e-01
1.808631352047589402e-01
1.759837273498616739e-01
1.990492231566127757e-01
1.775783989875385771e-01
1.856429761143756352e-01
1.752613659701376392e-01
1.717184810967617992e-01
2.354368628950851416e-01
1.718583368460029348e-01
9.345881417944745806e-02
1.652042874971799691e-01
1.410469655398456368e-01
2.805748054460854846e-01
2.108876598173194949e-01
1.202516563313809073e-01
2.738113252845648660e-01
1.576217228902283551e-01
1.818918482969467121e-01
2.326797203519603841e-01
1.819935426533731970e-01
1.708393403668466703e-01
1.625346433606837948e-01
1.565583254117575152e-01
1.042165912842767383e-01
1.256785807842817349e-01
1.653789255142115167e-01
2.253863364858998963e-01
1.594301255662644579e-01
1.992780489011662937e-01
1.748968610212173758e-01
2.227587175640106665e-01
1.328426484524758422e-01
1.390483425138340223e-01
2.292834977760476178e-01
1.997269477907011037e-01
1.483393544957243293e-01
2.640238318696326303e-01
1.670656527116429757e-01
1.276479316141765352e-01
1.677755003407561674e-01
2.325010196200150148e-02
1.626249131334187581e-01
1.143491837836760894e-01
1.044897957921033793e-01
2.604376810867607972e-01
1.494498691716934502e-01
1.520215376772355853e-01
1.819698214695071314e-01
1.412550620602486262e-01
2.282363996587495336e-01
1.990081849938913905e-01
1.374083330399296088e-01
1.608199729296888592e-01
1.036977991639123076e-01
1.515820278494270923e-01
2.773442661310605573e-01
1.085856473077981832e-01
1.866528155926667765e-01
1.237233827420123333e-01
1.570272523874240989e-01
1.127315894696092613e-01
1.322911721526960349e-01
1.327384769948389831e-01
1.785075461540230890e-01
1.891998069168954189e-01
1.608374573785837924e-01
9.957849882448766010e-02
2.213458796850105159e-01
2.254343876048325868e-01
1.291848268885074091e-01
1.756689562360644885e-01
1.602226672661544171e-01
1.263571833870198446e-01
1.912017155756338127e-01
1.483907962464838803e-01
1.623785128649375409e-01
1.827941209961974067e-01
1.301607600582324054e-01
1.814011516258453582e-01
1.609707294746574036e-01
1.760688732554047675e-01
1.455419030787252765e-01
2.437170155991692511e-01
2.116900664058984916e-01
2.780766453381291470e-01
1.842029372033602286e-01
2.365271423505701520e-01
2.241537636592072502e-01
1.538441248859969690e-01
1.806912602561672188e-01
2.471993437982211717e-01
1.516513515407282853e-01
1.364086151887793363e-01
1.666090214145672377e-01
1.486177678930902246e-01
2.565615835697316882e-01
1.775369196236846747e-01
1.663219899521726219e-01
3.536168204473888466e-03
2.312337917026168199e-01
1.666090214145672377e-01
1.249247810512779111e-01
1.849931950805094871e-01
1.581305648777551198e-01
1.567618540475237410e-01
1.990396559943690136e-01
2.242454275039760248e-01
9.668089151665437697e-02
1.610566046772659021e-01
8.589284699371901866e-02
2.170274994802054991e-01
1.620868967123332283e-01
1.810568426829268773e-01
1.138484637650201137e-01
1.842695245631054135e-01
2.222229016966359438e-01
1.589678170384525302e-01
1.483393544957243293e-01
1.555193588808130301e-01
5.123275570177554528e-03
2.463048765087796355e-01
1.603225871394400315e-01
2.372472505408600441e-01
1.688070550485729626e-01
1.480709621621247862e-01
2.408870259235085243e-01
1.620868967123332283e-01
1.582905800599689883e-01
2.148402059377483297e-01
1.202516563313809073e-01
1.112074649973919804e-01
1.186958184153823481e-01
2.105908962775959736e-01
1.131765291714632582e-01
1.825155777011167046e-01
1.774260723089957636e-01
2.607896666710640687e-02
1.215486499605100690e-01
1.421168238644838766e-01
1.658191030991300607e-01
1.743721235509454459e-01
1.127315894696092613e-01
1.736033196706889825e-01
1.208392632777588460e-01
1.916715088190477090e-01
1.256785807842817349e-01
1.389439819471522952e-01
2.709560806902233665e-01
1.236007863536761064e-01
1.410565375658210385e-01
1.887908378661489195e-01
1.299218245224107449e-01
8.160324032569388208e-02
1.486177678930902246e-01
1.837964381162855432e-01
2.719044048402370350e-01
2.349783585153497611e-01
1.256785807842817349e-01
1.377687745509534878e-01
1.436784373025021821e-01
2.315147536322097466e-01
2.305462239444722172e-01
1.093602242777835798e-01
1.690432257068739119e-01
1.589678170384525302e-01
1.283200738249918871e-01
1.796979463578747271e-01
2.213786810459676957e-01
1.245007903088435341e-01
1.916241518303030134e-01
1.677593331933842080e-01
2.166513732915831270e-01
1.264098519604859305e-01
2.126193541493561767e-01
1.186628845647899055e-01
1.853430089632155386e-01
2.266135452791342431e-01
1.682424081377984493e-01
1.188983985052276537e-01
1.557029289289140195e-01
1.193827057480039144e-01
1.410469655398456368e-01
1.443456477841866814e-01
2.509195794743677155e-01
1.445533845379696203e-01
2.545999714147386683e-01
2.927062193273437529e-01
1.869078833419157704e-01
1.680773479393318226e-01
2.070915466341372024e-01
1.909192205202243642e-01
3.234349913173950597e-03
1.501870528375555125e-01
1.634173795101467874e-01
1.216917473391863069e-01
9.704699377136982719e-02
1.843860884632544384e-01
1.328426484524758422e-01
2.223779882451735190e-01
2.816339018893820878e-02
1.191074304047656796e-01
1.648244426392126982e-01
1.641244927444986956e-01
2.129750382268591480e-01
1.698267014431769084e-01
1.718583368460029348e-01
1.741438722655317406e-01
1.569291688599516732e-01
1.230045274079429873e-01
1.268749920424303568e-01
1.589678170384525302e-01
1.414383918921311434e-01
1.740367805997999895e-01
2.024792720103931742e-01
1.756133875606291639e-01
1.491979065151598505e-01
1.508949308929299349e-01
1.264980285009391636e-01
2.095718444469190089e-01
2.518575572590755485e-01
1.596094619810095594e-01
1.562734653083808212e-01
2.781425838452236121e-01
1.332865123129520768e-01
2.881308352652318661e-01
1.394635771542080960e-01
2.111502668421847417e-01
2.744135492998465153e-01
2.286112952412509003e-01
1.620868967123332283e-01
1.471534700924452821e-01
2.388373334179139107e-01
1.569291688599516732e-01
1.579418077836214351e-01
1.589678170384525302e-01
1.774260723089957636e-01
1.361605086041759449e-01
1.624381583672498408e-01
2.433973938599960363e-01
1.891661225647585098e-01
1.455685113696576494e-01
9.438057075184413947e-02
2.738113252845648660e-01
2.489955075522001238e-01
2.374180349090062592e-01
2.333447264342041194e-01
1.974577720877359610e-01
2.328130712186213813e-01
2.268157806461843506e-01
2.661256243497396312e-01
2.807817250349788907e-01
1.329723366958006636e-01
1.905245965549049458e-01
1.847180602643074820e-01
1.656622126340234757e-01
1.842722559761194034e-01
1.354352831054574935e-01
1.472927205573348886e-01
1.688318392143699498e-01
2.038146804808897983e-01
2.782619841593758636e-01
2.633920334202404234e-01
2.840016962146023616e-01
1.732135369470917396e-01
1.681908004093450870e-01
1.549254122429504221e-01
2.304637001042690869e-01
2.717412125795890532e-01
1.599701341585424430e-01
1.717184810967617992e-01
1.502342780857679472e-01
1.683547790838106906e-01
1.779254443861608692e-01
2.584386362431088102e-01
1.417601886646346898e-01
1.584800906105980900e-01
1.529345164638149512e-01
2.220601894596949677e-01
1.837181846432436316e-01
1.122853048981120594e-01
1.585968230573389093e-01
2.215848323469984393e-01
1.639038998702240235e-01
1.142246116687370971e-01
1.621526564115622904e-01
2.252295934583843362e-01
1.642806232402440614e-01
1.243054809899621915e-01
1.629098032014137942e-01
2.240381982184418419e-01
1.264950888121374462e-01
1.770433748772681781e-01
8.791260791966326593e-02
1.296740224070083158e-01
1.918648960209559107e-01
2.612909519509258871e-01
1.122281748228939335e-01
2.422510717574013483e-01
1.851501801930268698e-01
1.832559808910438903e-01
2.108876598173194949e-01
1.852974063680186134e-01
2.787895458900608858e-01
1.673636968253751078e-01
1.254833181228711680e-01
2.604247606821008532e-01
1.317209680501898461e-01
2.384631421303993193e-01
1.767599977233160757e-01
2.027165057759408029e-01
1.463468604770215009e-01
1.212416439108610078e-01
1.678321659118813258e-01
1.744198149694913269e-01
1.558757430106680886e-01
1.246937207382163848e-01
2.752666588212129284e-01
1.428732337774825112e-01
1.374083330399296088e-01
2.038146804808897983e-01
1.288588046382495023e-01
2.201309365229935366e-01
1.785944936141854456e-01
1.379326564658382992e-01
1.304773477707330542e-01
1.681908004093450870e-01
1.685675089815568128e-01
1.569291688599516732e-01
5.969954104858121724e-02
1.589678170384525302e-01
1.728809582909658360e-01
1.550320644343088361e-01
1.487535078237138819e-01
1.430886975225584834e-01
1.340581661530286794e-01
1.209178736868912196e-01
1.243247180585376199e-01
2.170266857955445161e-01
1.522707338475219885e-01
1.620868967123332283e-01
1.900492445967580935e-01
1.062921502128144624e-01
2.325010196200150148e-02
2.646118428913579734e-01
2.213458796850105159e-01
1.620868967123332283e-01
1.620868967123332283e-01
1.244832651997791473e-01
1.620868967123332283e-01
1.620868967123332283e-01
2.591688212438736372e-01
2.602281316114964937e-01
1.425335737914457113e-01
1.343856232979492304e-01
1.120111410966782017e-01
1.058240009415474248e-01
1.633511371538292067e-01
1.332467237437295893e-01
1.201747023761958744e-01
1.663571195202164787e-01
1.810552053584313370e-01
1.164878577241035273e-01
1.620868967123332283e-01
1.154528659441691474e-01
2.938399259147104203e-01
1.099633979991150312e-01
2.306263154466989818e-01
1.439399075951222073e-01
2.570302604475109831e-01
1.865032902957999283e-01
1.620692436009356641e-01
5.825938139901776225e-02
1.585690772229657597e-01
1.738564338165176082e-01
2.014134071019206829e-01
1.961446217221380905e-01
1.256785807842817349e-01
1.256785807842817349e-01
2.460048856334289269e-01
1.330505135902342317e-01
1.999349896718305430e-01
1.182338376036629057e-01
1.302009090138751546e-01
1.841446385852574252e-01
1.081000494911288357e-01
1.629103445758799396e-01
1.231346015431169505e-01
1.287689229628723453e-01
1.301498915811682977e-01
1.594380063889211385e-01
1.742361472538647149e-01
6.732377748517315297e-02
1.829237348509833438e-01
2.624661759266340155e-01
1.618569187265963549e-01
1.595126058968743266e-01
1.281131809762827700e-01
1.585109478547295225e-01
1.755152854047299371e-01
1.662789587249378087e-01
2.224153438388283277e-01
1.456074947497247862e-01
2.785109942754848689e-01
2.731919400859821323e-01
2.738113252845648660e-01
1.303121339281201330e-01
1.807234269917570302e-01
2.160387062202460129e-01
1.256785807842817349e-01
1.982824785429446734e-01
1.486177678930902246e-01
1.814011516258453582e-01
1.231346015431169505e-01
1.115194178303946515e-01
1.260938462251601777e-01
1.620692436009356641e-01
6.327134091169739349e-02
9.668089151665437697e-02
1.490830172551955712e-01
1.400403928402118581e-01
1.790900627194300654e-01
1.719157809598401698e-01
2.176655236408375771e-01
1.887908378661489195e-01
1.569291688599516732e-01
1.422354763340951678e-01
1.353181477157763268e-01
2.310824200755643432e-01
1.278546721850819523e-01
1.910326857720390237e-01
1.280934868964900275e-01
1.612396776249820363e-01
1.825155777011167046e-01
1.869792928566615942e-01
1.534525244569708846e-01
1.723962057308501272e-01
1.595407212392512264e-01
2.038146804808897983e-01
1.832008398365116975e-01
1.636028986061557333e-01
2.286112952412509003e-01
1.584099864995138773e-01
1.629262168074259165e-01
2.398697470022259637e-01
1.665491867905988244e-01
1.404140495384789133e-01
2.023623952823596639e-01
1.777370089273171416e-01
1.254693626215717117e-01
2.108876598173194949e-01
1.667374512643640116e-01
1.332865123129520768e-01
1.622871830021352935e-01
1.131133180435854868e-01
2.772043645686839142e-01
2.021494732567754582e-01
2.186877817165422400e-01
1.770341298594617641e-01
1.264980285009391636e-01
1.071106189479040793e-01
2.120400288336945493e-01
1.678958241396708573e-01
1.407139152574750085e-01
1.695728332828601026e-01
1.453235911990171658e-01
2.070919012056933184e-01
1.692167702190658929e-01
2.222353643706957982e-01
2.211980101080035510e-01
1.609865563482593132e-01
1.418439848333798992e-01
1.238508549994721264e-01
1.818918482969467121e-01
1.740367805997999895e-01
1.124628943593997121e-01
1.433444653016611170e-01
1.457393600622882701e-01
1.217522420643391001e-01
6.716855225153572917e-02
2.382591488448690953e-01
1.256785807842817349e-01
7.706732634504831481e-02
1.231346015431169505e-01
1.681908004093450870e-01
1.342012143858895001e-01
1.786031690202491973e-01
2.047742691886389466e-01
1.256785807842817349e-01
2.104246204832405098e-01
1.750740296425030706e-01
1.759837273498616739e-01
1.687664189699065176e-01
2.199182066252465262e-01
2.593944443928197785e-01
1.589678170384525302e-01
1.317404016458967320e-01
1.803343393762704139e-01
1.130886606051602072e-01
6.476316409016646958e-02
1.779254443861608692e-01
1.155811909380872748e-01
1.685675089815568128e-01
1.473606270967380283e-01
1.598929807282445381e-01
1.594301255662644579e-01
1.619891639859085686e-01
1.795894137903344401e-01
2.640238318696326303e-01
2.938399259147104203e-01
1.468924889885192542e-01
1.783021647130169640e-01
2.070915466341372024e-01
1.600652412330934027e-01
2.003416084230806860e-01
1.196477854362782978e-01
2.640238318696326303e-01
2.155187631551918059e-01
1.230493215674375307e-01
2.030917808908885291e-01
2.057143038169533256e-01
2.173415342690629970e-01
1.245584943712341186e-01
2.129750382268591480e-01
1.517187754086402052e-01
2.131806845652439719e-01
1.403788129317327105e-01
1.347786826805146276e-01
1.095346067354325825e-01
9.812897511710172438e-02
1.533929857737703628e-01
2.245962156476668525e-01
1.620868967123332283e-01
1.299580306129550777e-01
1.733291558692560130e-01
1.196346572856885615e-01
2.014134071019206829e-01
1.024277800146480288e-01
1.455685113696576494e-01
1.107770573384998514e-01
1.717184810967617992e-01
1.503564030289057385e-01
1.620868967123332283e-01
1.502342780857679472e-01
1.832559808910438903e-01
1.109448290332455400e-01
1.596877876631817017e-01
2.058461232200192725e-01
1.641244927444986956e-01
1.788834132668002397e-01
2.286112952412509003e-01
1.569291688599516732e-01
1.842722559761194034e-01
1.585690772229657597e-01
1.473804080293952268e-01
1.828994897961235822e-01
1.661292782210290753e-01
2.133321328924351334e-01
2.242677487018456262e-01
1.390848679723148962e-01
1.443551848930564319e-01
2.359549378442222789e-01
1.152715675297955045e-01
1.621369140762354277e-01
1.852072148721246592e-01
1.807969223158192307e-01
1.404804794469605156e-01
1.620868967123332283e-01
1.229168141805967451e-01
2.070915466341372024e-01
1.470928857560513947e-01
1.231346015431169505e-01
1.777370089273171416e-01
2.262602073145476567e-01
1.627234358089229005e-01
1.589678170384525302e-01
1.813829675647227191e-01
1.435531725259950875e-01
1.377014905714020188e-01
2.840016962146023616e-01
2.019367433590275596e-01
9.893664559954995497e-02
1.589678170384525302e-01
1.130886606051602072e-01
1.667632140032786481e-01
1.445533845379696203e-01
1.216917473391863069e-01
1.241565446704191444e-01
1.261873902834826922e-01
2.074349203593213176e-01
2.644983488215491008e-02
1.941178073711453678e-01
1.704075416748684901e-01
1.887131465981308764e-01
2.297272815308621929e-01
1.808631352047589402e-01
1.777370089273171416e-01
1.745866367414121711e-01
1.145503878434555034e-01
1.589678170384525302e-01
2.126193541493561767e-01
1.205671321132690821e-01
1.479242488030418912e-01
1.897481918963999092e-01
1.514129637242769277e-01
1.605747834475463875e-01
1.406123627247364283e-01
1.251454949331192168e-01
1.669526977896031994e-01
1.729999696262476405e-01
2.376240218388732117e-01
1.027438159125440009e-01
1.381361381782797437e-01
2.234302995387693613e-01
1.742361472538647149e-01
2.169744050298776372e-01
1.256785807842817349e-01
1.775369196236846747e-01
1.514622778843719431e-01
2.205202854739161111e-01
1.607137969180127968e-01
1.585631939643956656e-01
1.462394092261343204e-01
1.302467684585577601e-01
1.620868967123332283e-01
1.602038203039830577e-01
1.589678170384525302e-01
2.286112952412509003e-01
1.259962987011418178e-01
1.417871493327993448e-01
1.205671321132690821e-01
1.543457778184453844e-01
2.040888442823236559e-01
2.053178276556391069e-01
1.606244648610166692e-01
1.729999696262476405e-01
1.447855747779316360e-01
1.543411913023238213e-01
1.770828562511379545e-01
1.723184791538843186e-01
1.442815977339124700e-01
2.002281202208422428e-01
2.146413507133937415e-01
1.620868967123332283e-01
1.311625305048380596e-01
1.536104647743794516e-01
1.270615951006934807e-01
2.140677265683432751e-01
1.540524317575204805e-01
2.109476333650075475e-01
1.206573453855002143e-01
1.140641459750968423e-01
1.349692394733903456e-01
1.332865123129520768e-01
1.264098519604859305e-01
1.140045314536068943e-01
1.585690772229657597e-01
1.120531359714851405e-01
1.777370089273171416e-01
1.839028630997425751e-01
2.157220774962755883e-01
2.546963695310315856e-01
5.480574172584962156e-02
2.600828353194089004e-01
1.468552211069518165e-01
2.159802428760979609e-01
2.058461232200192725e-01
1.582241542789812883e-01
2.213786810459676957e-01
1.583547066620907273e-01
2.039683787618535860e-01
1.390483425138340223e-01
1.256785807842817349e-01
1.589678170384525302e-01
2.341993558914197138e-01
1.331067994578987168e-01
2.194532118889060968e-01
2.572933743925807093e-01
1.490887887230298858e-01
1.328468604882271364e-01
1.262154759541349591e-01
1.138649690203870080e-01
4.787215541206357727e-02
2.266319326471526452e-01
1.464674292428158608e-01
2.135774241732777412e-01
1.661703680360044899e-01
1.612396776249820363e-01
1.756184974842520674e-01
2.304847142073915833e-01
1.821825513672550301e-01
1.230045274079429873e-01
2.155737714125507409e-01
2.328130712186213813e-01
1.822228507735141889e-01
2.640238318696326303e-01
1.523193860611709027e-01
1.673636968253751078e-01
2.174190890876719351e-01
2.866241926759691694e-01
1.503564030289057385e-01
1.624097122963190643e-01
1.924103638190111099e-01
2.275393893344421770e-01
1.574604005303044119e-01
1.585778116371461266e-01
2.607661480325811354e-01
2.713930531102466404e-01
1.676420111277101554e-01
2.713654879641760331e-01
1.244960277767761525e-01
2.304637001042690869e-01
1.415877730343826357e-01
1.462411335691387038e-01
2.158174872135854017e-01
1.569291688599516732e-01
2.234870060226317179e-01
2.780766453381291470e-01
1.454975029181859725e-01
2.666333600820536276e-01
1.867089366341856405e-01
1.757158140629222487e-01
1.613145681901277939e-01
1.670035950955304216e-01
1.752613659701376392e-01
1.641244927444986956e-01
2.631802473091342520e-01
2.329878128525066927e-01
1.790900627194300654e-01
1.729854933120504867e-01
1.585690772229657597e-01
2.120400288336945493e-01
1.755441241930144614e-01
2.388373334179139107e-01
2.640238318696326303e-01
1.098967327020083928e-01
1.863207007484639632e-01
1.252184597765415575e-01
2.520099736318961448e-01
1.483393544957243293e-01
2.325553611652235730e-01
1.755441241930144614e-01
1.291848268885074091e-01
2.242677487018456262e-01
2.140022084364803234e-01
1.582954043167736913e-01
1.829341595152644828e-01
1.276592063616082129e-01
1.815458648958871990e-01
2.230274195841044360e-01
1.653192713299747041e-01
2.780766453381291470e-01
1.543884738838015025e-01
2.787895458900608858e-01
2.199182066252465262e-01
2.807817250349788907e-01
1.208392632777588460e-01
1.374994286822079914e-01
1.661703680360044899e-01
1.334502829020554060e-01
2.292890198753392283e-01
1.280223160070264043e-01
1.492732797231210995e-01
1.316576057514167175e-01
1.319065951586111396e-01
2.038407845219669667e-01
1.579418077836214351e-01
1.285630024250608017e-01
1.373115849730162097e-01
1.070076875217891299e-01
2.216585127367833863e-01
1.694698628335151724e-01
2.772043645686839142e-01
2.325553611652235730e-01
1.660803911634678443e-01
1.621676313662163693e-01
1.589678170384525302e-01
1.728809582909658360e-01
1.623785128649375409e-01
2.504087820997087377e-01
1.814205322185493685e-01
2.147407703195698403e-01
2.230274195841044360e-01
2.797524400078854612e-01
1.589678170384525302e-01
1.719317922050054293e-01
2.747771214073591040e-01
1.668831852160010953e-01
2.640238318696326303e-01
2.234841102419213854e-01
2.433752130498216815e-01
1.623785128649375409e-01
1.212788061843994569e-01
1.856335975860767817e-01
1.231346015431169505e-01
1.279263961525325399e-01
1.615028045699888892e-01
2.315233211340288477e-01
1.616267757045930509e-01
2.100947321925863420e-01
2.635558978333474300e-01
1.199784165287924864e-01
1.359080762582571822e-01
2.796809945141882636e-01
1.583699540007232898e-01
2.130703653523795538e-01
1.758896239923748439e-01
5.266064340793086274e-02
2.321353465845330533e-01
1.502342780857679472e-01
2.812896149673251855e-01
2.070915466341372024e-01
1.620868967123332283e-01
1.563557574032037323e-01
1.322588129300132920e-01
1.370641275953365934e-01
1.582241542789812883e-01
1.825155777011167046e-01
1.600652412330934027e-01
1.798422911569650395e-01
1.309308067680667875e-01
1.859376284453215789e-01
2.111502668421847417e-01
1.213235705205368831e-01
1.777370089273171416e-01
2.093237459312913273e-01
1.579418077836214351e-01
2.750869180972310701e-01
2.161133568704984853e-01
1.276592063616082129e-01
2.852748139075753642e-01
2.453469389352038732e-01
1.880316339526526548e-01
2.292671605231220155e-01
1.265965786450644615e-01
1.818918482969467121e-01
2.354596714557306569e-01
5.477116349604660428e-02
1.269547650041520370e-01
1.478979398987823046e-01
2.040888442823236559e-01
9.986833329870936637e-02
2.398697470022259637e-01
1.506344134599215678e-01
1.416250342824252328e-01
2.870747283540788786e-01
2.727684987132557026e-01
2.130615349884337206e-01
1.834502223412286526e-01
1.486177678930902246e-01
2.309269945885423780e-01
1.486177678930902246e-01
1.591371330655615424e-01
1.579509227171964625e-01
1.540297473142198115e-01
1.621526564115622904e-01
1.256785807842817349e-01
1.617615201359319244e-01
2.036363860145860016e-01
1.591371330655615424e-01
1.856665498163208028e-01
2.640238318696326303e-01
1.587464107663345558e-01
2.066011507327969454e-01
2.754562993229434653e-01
1.131765291714632582e-01
1.851856135358369571e-01
1.460943920766277770e-01
1.842048977520374109e-01
1.984096480924177897e-01
1.648081431229062588e-01
1.391815492216599282e-01
2.925048218377419573e-01
1.827283075988637151e-01
2.219129935088322014e-01
1.428393707856283612e-01
1.620868967123332283e-01
1.278246122796131701e-01
1.506344134599215678e-01
1.559219515842613646e-01
1.846588441716034978e-01
1.911707836295928331e-01
1.560840671603456187e-01
2.754562993229434653e-01
1.246305090156347717e-01
1.126385959716742491e-01
1.613911019947318337e-01
2.242677487018456262e-01
1.736033196706889825e-01
2.788394612213060952e-01
1.706668637242554354e-01
1.140641459750968423e-01
2.224153438388283277e-01
2.089343953473088433e-01
2.716275115126274287e-01
2.224153438388283277e-01
1.283892353360069905e-01
1.780955690428394078e-01
1.853430089632155386e-01
4.391416732590069927e-02
2.280048916206807164e-01
1.507624682060679788e-01
2.166051827790518303e-01
2.230323389962300951e-01
1.633420627421093840e-01
2.243289921060256376e-01
1.482588831955231612e-01
1.503572977552272150e-01
1.511143955563056807e-01
2.422510717574013483e-01
1.863517208306610939e-01
2.112770689589158479e-01
