1.349229041572037602e-01
1.812993924260108969e-01
1.822392339402387762e-01
1.229737170738882668e-01
1.711270184312168041e-01
2.924695432222712554e-01
2.109511971861843804e-01
2.049837077237350869e-01
1.618311916820767138e-01
1.131956269249130287e-01
1.358527880448949787e-01
2.074927603509522100e-01
2.876902854507621399e-01
1.117414967753775912e-01
2.012850220575588267e-01
1.787983881723418378e-01
1.401313951529807866e-01
1.904079473379249876e-01
2.650040179843227151e-01
1.241690429341559820e-01
1.770234474107708067e-01
1.142617513816732711e-01
1.747028180903908989e-01
1.355156503187702199e-01
1.781263706093882959e-01
1.758288036806758825e-01
1.841760076548561997e-01
1.494497715574087948e-01
2.819613873149808825e-01
1.432378704178756124e-01
2.361235017796916580e-01
1.807779514969638512e-01
1.752416015554016937e-01
1.482970118408353244e-01
2.840086611339325273e-01
1.767402623557581265e-01
2.183550826974016701e-01
1.550013486882315661e-01
1.557516095317357241e-01
1.278702464397776239e-01
2.259846051247516030e-01
1.621962045722478152e-01
1.632107548023196131e-01
1.155454529293349353e-01
2.510599471179641995e-01
2.391599981608205638e-02
2.347512145950672036e-01
1.773608841766369792e-01
2.061396799318568895e-01
1.705567881884739734e-01
1.463087575553174702e-01
1.711883413383441521e-01
1.151567627755696321e-01
1.845426821859383892e-01
1.815678443785788687e-01
1.070258491528708333e-01
1.417668116945032253e-01
2.223724245345293227e-01
2.160332974257261895e-01
2.321440931710370137e-01
1.689696681239132303e-01
2.844150899112802833e-01
2.641104697442067106e-01
1.817551879845309415e-01
1.307613813767929400e-01
1.276998012220520451e-01
2.678066580689888454e-01
2.485493508206193525e-01
1.342578907157214729e-01
1.262219162053161980e-01
2.426127322075073423e-01
1.555325319806897255e-01
1.747778272479365569e-01
1.302552128885405835e-01
1.659918785729672663e-01
2.410276941204498868e-01
2.823306465673303123e-01
1.833070497438002988e-01
1.811024623418813206e-01
2.364912121030977588e-01
1.319774049111641645e-01
1.701549591096087610e-01
1.633918958507658559e-01
2.678066580689888454e-01
1.588798855173800817e-01
1.918968085050263284e-01
1.459910280928227166e-01
1.040978980882520943e-01
2.478141196134915347e-01
2.395385908532956520e-01
1.658720114775453780e-01
2.806328708377225922e-01
1.676372919285915586e-01
1.144355461510917493e-01
1.121223468342202878e-01
1.863185901413304535e-01
1.672996649382154644e-01
1.850196714394307662e-01
1.934203775205576292e-01
2.815722981592436724e-01
2.183550826974016701e-01
1.683724574707126109e-01
2.262496453135316443e-01
1.787217522930033553e-01
1.659918785729672663e-01
1.632107548023196131e-01
1.872456605221692882e-01
1.575241074773217065e-01
1.682514524022389324e-01
2.238597402655626567e-01
1.313324248833183105e-01
1.444574794053528066e-01
2.180473914258751478e-02
1.424882164523362249e-01
2.000115114466662902e-01
1.297295290984479266e-01
1.652416177294631083e-01
1.851926045510445817e-01
1.239388281768700750e-01
2.076413660381071224e-01
1.238392925390154886e-01
1.839185233217781601e-01
1.501484008919486968e-01
1.193326444460547364e-01
2.450108773049848310e-01
1.852120426142649379e-01
2.159722228670286626e-01
1.857441453419754751e-01
9.920959200270029754e-02
2.823306465673303123e-01
1.393971118480532567e-01
1.374306505005176149e-01
1.708072482313571783e-01
1.250738638591748497e-01
2.719092119397066298e-01
1.882533236083938633e-01
2.343685045966301672e-01
2.028645409026275104e-01
1.414644928831068071e-01
1.294468987269672411e-01
1.858560304113812123e-01
2.320586874571519687e-01
1.439118888542783026e-01
1.588122030482752578e-01
1.465786836166227403e-01
1.576997761426506273e-01
1.746277448467070670e-01
2.171542685126377492e-01
1.905896505511339711e-01
9.887524822915061407e-02
1.103873837438484884e-01
1.238396590826722488e-01
1.666014739625110153e-01
1.556586352128705997e-01
2.908936394400827297e-01
1.171533968115419100e-01
1.659241374032749405e-01
1.204364285436678728e-01
1.594989319361808100e-01
2.239228152359311608e-01
1.106514267196150314e-01
2.002797587287492576e-01
1.439146842476874966e-01
1.796590478943898006e-01
1.424981971217960108e-01
1.522868372021193295e-01
2.039632104109045940e-01
1.441910079329522532e-01
1.602267183837975395e-01
1.361759840978757907e-01
1.278143635313506721e-01
2.295027488362997303e-01
1.278143635313506721e-01
1.973489866175341945e-01
2.500572403269618604e-02
1.254913205511076768e-01
1.775413231643359069e-01
1.581473824259447269e-01
1.710798084885594150e-01
1.704915517195999541e-01
2.770277482106422440e-01
2.165481500982169294e-01
1.625975400119701320e-01
2.469397146527168019e-01
2.284394216918519405e-01
2.074927603509522100e-01
1.527792354679240461e-01
2.412511593158690459e-01
1.433878578370215706e-01
1.798249705533478959e-01
1.711706520491560468e-01
1.331292817149689611e-01
1.799622461607821577e-01
2.572588854268378356e-01
2.158894995666926775e-01
1.582070596848073052e-01
1.662257178244006539e-01
1.833883715697535166e-01
1.602267183837975395e-01
1.297295290984479266e-01
8.111355269153186498e-02
1.604913242295031850e-01
1.858854061302004368e-01
1.280274793106475073e-01
1.679734257693068500e-01
1.447708014322230952e-01
2.514328105531449253e-01
1.448750856979943435e-01
2.259846051247516030e-01
1.824204379591796155e-01
2.321440931710370137e-01
2.268587378684117084e-01
1.007888597787935936e-01
1.966413323494391463e-01
2.339825037856977374e-01
1.262066808701280962e-01
1.585599550715963701e-01
1.233028172646495335e-01
2.323974866575992948e-01
2.670234700922868853e-01
1.704925389151883408e-01
1.924020742437377862e-01
1.897204828445238078e-01
2.245583056029571978e-01
2.241323005227648935e-01
1.811293039426766782e-01
2.027777034294739877e-01
1.950055012737390570e-01
1.500386917009750576e-01
1.796830384465897268e-01
2.099640184309450319e-01
2.345795841585882613e-01
2.184056715850308805e-01
1.557019899618898862e-01
1.659241374032749405e-01
2.040178528637808242e-01
1.509518813793038206e-01
2.800622449894643040e-01
1.866222092133682509e-01
2.269558211499065337e-01
1.813557341203457796e-01
2.401673397434533896e-01
1.887635445799507039e-01
1.710800653240287517e-01
2.324854587814666473e-01
1.632107548023196131e-01
2.376994055618810719e-01
1.625205658604826908e-01
2.148316161197998397e-01
1.815678443785788687e-01
1.801144219846930739e-01
1.514297105332760296e-01
1.815678443785788687e-01
1.267038177858905712e-01
2.470831064211624906e-01
2.758391377901725505e-01
2.087192462173632634e-01
2.484757466062426090e-02
1.463918569223761068e-01
1.958312088013229868e-01
1.256681096197036496e-01
2.241004793262506567e-01
2.197275525151782816e-01
1.023620652152317234e-01
1.956270617491444597e-01
1.286703010800929192e-01
2.318615077392083279e-01
1.514290649382061815e-01
2.081345557306351068e-01
1.278702464397776239e-01
2.284394216918519405e-01
1.617739256049022245e-01
1.518785087648391041e-01
1.700799921792359726e-01
1.669822262741940122e-01
2.151824953617946790e-01
1.688218618802812543e-01
2.249538430893442964e-01
1.297198865592648076e-01
1.719380441401314741e-01
1.340404969778647981e-01
1.782821846256288367e-01
2.715262465894614508e-01
1.554234191536734144e-01
1.439618539435203459e-01
1.632107548023196131e-01
1.447591598683004577e-01
1.521251864374404406e-01
2.049837077237350869e-01
2.775084648986805291e-01
1.833070497438002988e-01
1.856448293102381797e-01
1.837077569882339390e-01
1.608161909154040004e-01
1.310995779165695652e-01
1.311983950167459057e-01
1.487146254249909205e-01
1.905590878797873700e-01
2.238597402655626567e-01
1.790602129454335056e-01
2.838715750552243122e-01
1.527044657795553206e-01
1.297295290984479266e-01
1.391759258121627596e-02
1.705567881884739734e-01
1.921267404200488471e-01
1.410702543386816998e-01
1.332997269326954282e-01
1.812993924260108969e-01
1.529013670516539136e-01
1.592618630279227787e-01
1.488291711182467836e-01
1.400569035426881825e-01
1.331292817149689611e-01
1.317381846909464471e-01
1.625397821732352810e-01
1.648589933208830516e-01
1.635464861089115374e-01
1.660744639355948848e-01
9.706759118326058200e-02
1.680602412399858636e-01
2.761731392675565999e-01
1.666363870832370253e-01
2.143604112656216643e-02
2.804281967593151847e-01
1.445154048941894587e-01
1.367842867535902229e-01
1.522187632553491099e-01
2.157758535509399778e-01
2.855283703873814360e-01
1.358058298814617260e-01
1.860409620844531986e-01
2.016004599402965169e-01
1.215747058102039091e-01
2.140383754178269982e-01
2.833072434138514950e-01
2.808316064150080393e-01
1.486342611629503097e-01
1.313248353080362918e-01
1.883000758765627225e-01
1.965145237286201052e-01
2.179881094238149686e-01
1.340178171939498952e-01
2.447253377343496794e-01
2.476373548355779164e-01
2.647291692872144608e-04
1.798249705533478959e-01
1.231796300545591194e-01
2.175397069539233286e-01
1.747028180903908989e-01
1.583414030893663949e-01
2.035843564327164401e-01
1.184380405630660604e-01
1.277544906437091399e-01
2.702670592903961833e-01
1.230734673972015969e-01
2.278261753973689352e-01
1.554151229103215570e-01
2.205424742891981538e-02
1.100405203306733526e-01
1.619346388097664402e-01
2.093343306235704304e-01
2.156849798828934794e-01
1.369662978642418594e-01
2.035843564327164401e-01
1.322942942024756263e-01
2.785023802559765116e-01
1.905896505511339711e-01
1.695611755429320411e-01
1.945827694469928204e-01
1.810882317510671413e-01
1.935088402230231708e-01
1.278702464397776239e-01
2.280151427978642786e-01
1.928529749709406715e-01
2.195160668166726836e-01
1.948413847903562868e-01
2.341901411867537419e-01
1.892753460403380217e-01
1.694078552805855509e-01
1.788446067529037009e-01
2.476365827948310283e-01
2.758391377901725505e-01
1.738533500746806126e-01
1.518129559332797029e-01
1.561587332838172415e-01
1.535845103612558660e-01
1.422381528612950419e-01
1.301314022825099670e-01
1.812588627358042714e-01
1.870343973182313491e-01
1.851719740419213167e-01
1.686344026535486762e-01
1.581429531100191355e-01
1.227001507853033857e-01
2.109247563363565448e-01
5.117185665006207529e-02
2.074927603509522100e-01
1.901906949866098984e-01
1.831792096591264851e-01
1.755845684493717584e-01
1.817551879845309415e-01
1.830472464119585752e-01
1.221261093789092200e-01
2.447887664459891255e-02
1.515200430739733761e-01
1.490926468709465880e-01
1.625975400119701320e-01
1.550013486882315661e-01
1.607088136040282222e-01
2.249538430893442964e-01
2.035843564327164401e-01
2.385102748695286934e-01
2.184056715850308805e-01
2.076178595523572312e-01
2.658366554658346814e-01
1.696342665156951313e-01
1.252755404104926029e-01
1.632107548023196131e-01
1.538115023857224983e-01
2.120205239027903588e-01
1.511634564566355365e-01
1.804420718050439021e-01
1.537985991198240754e-01
1.372650881608263873e-01
2.018514938990536578e-01
1.721799805267796302e-01
1.668021109410311453e-01
1.773240647626215249e-01
1.164890183356357412e-01
1.815678443785788687e-01
1.517536105754873077e-01
1.680471464511335000e-01
2.085027171722657613e-01
1.561095643542911304e-01
1.632107548023196131e-01
1.496730800211478751e-01
1.875498150330576763e-01
1.568917947754062681e-01
1.886720107955017767e-01
2.805597785136697553e-01
1.618212065507629305e-01
2.125583127862631372e-01
2.681405356265296192e-01
1.317381846909464471e-01
1.666014739625110153e-01
2.972930367728077172e-01
2.434919875238872322e-01
1.694671196773667177e-01
2.280354385853469168e-01
1.933318954008562685e-01
1.767749249027179559e-01
2.437749604172623208e-01
1.357911602113022198e-01
1.592578974465315156e-01
2.828413777014429087e-01
1.402192462265743345e-01
2.241323005227648935e-01
1.625975400119701320e-01
1.501360677042393732e-01
1.097137053568006948e-01
1.080925574301865311e-01
1.527044657795553206e-01
1.826677838070072113e-01
1.577220320603531789e-01
3.483673295630929090e-03
2.317391031622584308e-01
2.059906937569451202e-01
1.483267919268902446e-01
2.458077194344916450e-01
2.972930367728077172e-01
1.708193058418876475e-01
1.875829224750935609e-01
1.906843494964718388e-01
1.596192164817162862e-01
2.292049728432639100e-01
2.295027488362997303e-01
1.273693852816233374e-01
1.516685221786344684e-01
8.422806914591784988e-02
1.271867198185532288e-01
2.403049766483231764e-01
1.867001362061984082e-01
1.581473824259447269e-01
1.769183236467499754e-01
1.201756685045145545e-01
1.180336516486066856e-01
2.500643750674118593e-01
1.254844868341660202e-01
2.738106875219692427e-01
2.727744092765682637e-02
1.351295055515899790e-01
1.798764031381345774e-01
2.678066580689888454e-01
2.119124264479106401e-01
2.371691694687223517e-01
1.627365535260532070e-01
1.847657241712576948e-01
2.235321452026255429e-01
2.816219104419426245e-01
1.283123804836199255e-01
1.747457204698017463e-01
1.905896505511339711e-01
1.343084765715145679e-01
1.804963173940770105e-01
1.695598176772259436e-01
2.807547427851417865e-01
1.387838419759157560e-01
1.357492710000185454e-01
1.067901810455094136e-01
2.456274806854459314e-01
1.644495731809776373e-01
1.643780513343697791e-01
1.249092150908168719e-01
1.703957387481418451e-01
2.456960981530702526e-01
1.557019899618898862e-01
2.249857258558476403e-01
2.364648673901230680e-01
1.689196623848934209e-01
1.207820740932774584e-01
1.851690980652938023e-01
2.273498779524141256e-01
2.093343306235704304e-01
1.854646471741405733e-01
2.678066580689888454e-01
2.268704116764368450e-01
5.122315862759574401e-02
1.252755404104926029e-01
1.543481625833411641e-01
2.079882801561474537e-01
8.098914999621342758e-04
2.972930367728077172e-01
2.192688291150313162e-01
1.800727712393115354e-01
1.382657181727333651e-01
1.507469066398110513e-01
1.263619985695134673e-01
1.629586133799101333e-01
1.393971118480532567e-01
1.373306090633770182e-01
1.548234367085825625e-01
1.629586133799101333e-01
1.822192729781084708e-01
2.823306465673303123e-01
1.624393868020099774e-01
1.810882317510671413e-01
1.539976823020108299e-01
1.493445453428847713e-01
1.226065786368462085e-01
1.194096873542793702e-01
1.626786716387975673e-01
1.769599281650595657e-01
1.377834965504307618e-01
1.893054678818941738e-01
1.534385028895846048e-01
1.767402623557581265e-01
1.688563569065761882e-01
2.372235951264753950e-01
1.688994170205662115e-01
1.865479354393526634e-01
1.832844011806482598e-01
1.620759810175345095e-01
1.607906850643354701e-01
2.683879229314607429e-01
1.703957387481418451e-01
1.426568390736333569e-01
1.352347954822681331e-01
1.529992515733269443e-01
1.636428229969251191e-01
2.264611310120363541e-01
2.641104697442067106e-01
2.678066580689888454e-01
1.659241374032749405e-01
2.026530552041219124e-01
1.796452748697845436e-01
1.171048305746733575e-01
1.659241374032749405e-01
2.068622945658606938e-01
2.763716929852266802e-01
1.313248353080362918e-01
1.463918569223761068e-01
2.035843564327164401e-01
1.583093539791660120e-01
1.521251864374404406e-01
1.727072311194408627e-01
1.451768161634259258e-01
1.301423173105540343e-01
1.187545361059738624e-01
1.554234191536734144e-01
1.850196714394307662e-01
2.953480606417144827e-01
1.760261577464010685e-01
1.242063974490026368e-01
1.611843779662622822e-01
1.632107548023196131e-01
1.632107548023196131e-01
1.448206333432899839e-01
1.694671196773667177e-01
2.126435328423124105e-01
1.340329593221856186e-01
1.453848939883464197e-01
1.463918569223761068e-01
2.244967516001219465e-01
1.618783522955640208e-01
1.527044657795553206e-01
2.333764341100987849e-01
1.367717172598972297e-01
1.525058480570633535e-01
1.303346724619149910e-01
2.780393177262636684e-01
1.666363870832370253e-01
1.625975400119701320e-01
1.659241374032749405e-01
2.198592083259436336e-01
1.407502157557853906e-01
1.546239749960962584e-01
1.042847116062155521e-01
2.076413660381071224e-01
2.734851157218960438e-01
1.660744639355948848e-01
2.710532475698279598e-01
1.823068298544594512e-01
1.666363870832370253e-01
1.133420514449916539e-01
2.037000941233442219e-01
1.229737170738882668e-01
1.508863285477444194e-01
2.742405410248043296e-01
2.151171438018293358e-01
1.973489336431777375e-01
1.944970044210885263e-01
1.162688783651963931e-01
1.815678443785788687e-01
2.812641177746098009e-01
2.504212410375226128e-01
1.669969856083737270e-01
1.513886848820229503e-01
1.988385081493335704e-01
2.474695182448183317e-01
1.827256396383489800e-01
1.829471878444097754e-01
1.952545903337181699e-01
2.112081029454726533e-01
2.121125028631576370e-01
2.185634065922785751e-01
1.090996365007228519e-01
1.067901810455094136e-01
1.900444882204581631e-01
2.214480636946518644e-01
1.768529429094138905e-01
1.734567764318981631e-01
1.632107548023196131e-01
1.415714304463477902e-01
2.657870431831366176e-01
1.565723816305002458e-01
2.243119650247562546e-01
1.609182948527134727e-01
1.741852171583539999e-01
2.831482019414330864e-01
2.678066580689888454e-01
1.691294446992559486e-01
1.894196129522365268e-01
1.332997269326954282e-01
1.775911247530279624e-01
2.320739197498431494e-01
2.106098315757547468e-01
1.312738140401528142e-01
1.472334868878730774e-01
1.599580105922271400e-01
1.944667261287378324e-01
1.815678443785788687e-01
1.688563569065761882e-01
2.743091584924277626e-01
1.647110861695741946e-01
1.548234367085825625e-01
1.626013827179626503e-01
2.831420194861671291e-01
1.777877071621638549e-01
1.714150605879671829e-01
2.263259707351821248e-01
1.188138169459165283e-01
2.701984418227718621e-01
1.536482477294054405e-01
1.836609318269566415e-01
1.600848930908345125e-01
9.914312660975532765e-02
1.660744639355948848e-01
2.550555732284198740e-01
2.678066580689888454e-01
2.356390106025854081e-01
1.851690980652938023e-01
2.670234700922868853e-01
1.437639140236237623e-01
1.632107548023196131e-01
2.673059329642333282e-01
2.296829887361182543e-01
1.206770658807583274e-01
1.485883277581727668e-01
1.673078327884827132e-01
1.708072482313571783e-01
1.320179724217238615e-01
1.695611755429320411e-01
1.357713779725679970e-01
1.666363870832370253e-01
2.066602811626649938e-01
1.231204808403356665e-01
1.791067418138219125e-01
1.235511079385842592e-01
2.773820290949071676e-01
2.670234700922868853e-01
1.360145457242092348e-01
1.048215294484489135e-01
1.736827253769606116e-01
1.988385081493335704e-01
2.033772634735164786e-01
2.446187785577027540e-01
1.638158981657866775e-01
2.972930367728077172e-01
1.239388281768700750e-01
1.414440262171270390e-01
1.444574794053528066e-01
1.521763264930635629e-01
1.755845684493717584e-01
1.303346724619149910e-01
2.678066580689888454e-01
1.442840048690454680e-01
2.403154063223347237e-01
1.874742119533934215e-01
2.340786813288726620e-01
1.133420514449916539e-01
1.457438099752215166e-01
1.191688180104950590e-01
2.234350332059245048e-01
1.611843779662622822e-01
2.029103289534246457e-01
1.301303424881785631e-01
1.453002614242375756e-01
2.678066580689888454e-01
1.605418247929426556e-01
2.377265238663293090e-01
1.610525776131703779e-01
1.855098103529826403e-01
1.650551846971932690e-01
2.268174609558997190e-01
2.884510546462051295e-01
2.450108773049848310e-01
1.859846374472375885e-01
1.494099564088262611e-01
2.038407575379137526e-01
1.395866074959970504e-01
1.266999308670886393e-01
2.264611310120363541e-01
1.372596339533362908e-01
2.112081029454726533e-01
1.040978980882520943e-01
1.620492128165178514e-01
1.840905133911379110e-01
2.165481500982169294e-01
2.372235951264753950e-01
2.084388612203564861e-01
1.293891362208752227e-01
2.296421424023247226e-01
1.361683868898673211e-01
2.637362770878377560e-01
1.773879169084509044e-01
2.662222866086274564e-01
2.160332974257261895e-01
2.356476913442877574e-01
1.499431430422353273e-01
1.459382508535238543e-01
2.382735142660932226e-01
1.527044657795553206e-01
1.657807751571196420e-01
1.625975400119701320e-01
2.321440931710370137e-01
1.235549740780790273e-01
2.022428335087713691e-01
1.402872654996141222e-01
1.878706760557236066e-01
2.035502660958385945e-01
1.271867198185532288e-01
2.816219104419426245e-01
2.175645311519662783e-01
1.277544906437091399e-01
1.301314022825099670e-01
2.259846051247516030e-01
1.823773182265666648e-01
1.863185901413304535e-01
2.385102748695286934e-01
1.258071375735134723e-01
1.611843779662622822e-01
1.322307482497109277e-01
2.763716929852266802e-01
1.725986982696561256e-01
1.367842867535902229e-01
2.471311827759752333e-01
2.735857853786383131e-01
2.972930367728077172e-01
2.763716929852266802e-01
1.412437645798911845e-01
1.100034464476404850e-01
2.377082848983036456e-01
1.487146254249909205e-01
1.100034464476404850e-01
1.470733313640861795e-01
2.202542070694795129e-01
1.247014594154265410e-01
1.610525776131703779e-01
1.722326624982315479e-01
1.467692548487757875e-01
1.440517962582195111e-01
2.091817728748477379e-01
1.787217522930033553e-01
1.501393685990004556e-01
1.649851746372910100e-01
1.549512840880016284e-01
2.404414516963644388e-01
1.681960675143105988e-01
2.347512145950672036e-01
2.278870549327649542e-01
1.133420514449916539e-01
5.820264155808452244e-02
1.956270617491444597e-01
2.410449940597052532e-01
2.240987732007937439e-01
1.837737966800103706e-01
1.679916237723624306e-01
1.281125188400960013e-01
2.326083078565561735e-01
1.581604181090634498e-01
1.602267183837975395e-01
1.813244155673645608e-01
1.340303503945747821e-01
2.657870431831366176e-01
2.378843819644673729e-01
1.711706520491560468e-01
2.121063891646279842e-01
2.363271183772557293e-01
1.264632578841871080e-01
2.159722228670286626e-01
1.513015808455193678e-01
2.670234700922868853e-01
1.914165434680823452e-01
1.464594840095676531e-01
1.170941616991036938e-01
2.159957293527776656e-01
1.889664732546654236e-01
2.453685310617039761e-01
1.314740314907050234e-01
1.875498150330576763e-01
1.755845684493717584e-01
1.718335991354305037e-01
1.621910819019394268e-01
1.383670084084389629e-01
2.209076464609411872e-01
1.310895078022920046e-01
2.757594308059010402e-01
1.150350702830458260e-01
1.870343973182313491e-01
2.391599981608205638e-02
1.318150246663476466e-01
1.639903309207655369e-01
9.666887772803356427e-02
1.717753330435050074e-01
1.225860740688515804e-01
1.768919725319637593e-01
1.681203637436077258e-01
1.531196745506413492e-01
2.152143165583089157e-01
1.852120426142649379e-01
1.302430291865679379e-01
1.694078552805855509e-01
1.751080200963670563e-01
1.191986541837231073e-01
1.822414773900868923e-01
2.049837077237350869e-01
2.426127322075073423e-01
1.632107548023196131e-01
6.337228618144585823e-02
2.266428556132398242e-01
2.771817624448091877e-01
1.527044657795553206e-01
1.417668116945032253e-01
1.566636266659724441e-01
1.281225663713030372e-01
2.098145716013588569e-01
2.277232192387259602e-01
1.527044657795553206e-01
1.359059337785959443e-01
2.441272760232582328e-01
1.715695666853918055e-01
1.795201532487764595e-01
1.716849518520282558e-01
1.918021959785454200e-01
1.335691629088637811e-01
1.481683853794333317e-01
1.126105013078566586e-01
1.730845231433741915e-01
1.386306972473141386e-01
1.747028180903908989e-01
8.861116491256737504e-02
1.521251864374404406e-01
2.001819581448804897e-01
1.632107548023196131e-01
2.375301510042824304e-01
1.409628441514074737e-01
1.233261436789696575e-01
1.836609318269566415e-01
2.749817042901909758e-01
2.972930367728077172e-01
1.226065786368462085e-01
1.799622461607821577e-01
1.245439715403371395e-01
1.277408059864129086e-01
2.391599981608205638e-02
1.283615123508816680e-01
1.854513249999651947e-01
2.064918739620722477e-01
1.664590073239784473e-01
2.028645409026275104e-01
1.409160016291499673e-01
2.238042528494750272e-01
1.537985991198240754e-01
1.747028180903908989e-01
2.678066580689888454e-01
2.718429630725838209e-01
1.273413867125308130e-01
1.075807467196261413e-01
1.389851988100829772e-01
2.500572403269618604e-02
1.225114296311460294e-01
2.823802588500283761e-01
1.611843779662622822e-01
1.529379758384878940e-01
1.668526536312739950e-01
2.169464080776295489e-01
1.263447700768471904e-01
2.588590754763364643e-01
1.852299418423735133e-01
1.475839130479199568e-01
1.767402623557581265e-01
1.092664587726002168e-01
1.452649911897090362e-01
1.582069674445474305e-01
2.295027488362997303e-01
2.678066580689888454e-01
1.529414100347477046e-01
2.245554610489950420e-01
1.659241374032749405e-01
1.521251864374404406e-01
1.237648286654664531e-01
1.235754738251406692e-01
1.301314022825099670e-01
1.775432352320667206e-01
1.611843779662622822e-01
1.685459922680498934e-01
1.380438857582184653e-01
2.791471642236933448e-01
2.035843564327164401e-01
2.243119650247562546e-01
1.767402623557581265e-01
1.584391093145844920e-01
1.733270062920144738e-01
2.264085501561092784e-01
1.976361141932940768e-01
2.776010010785192605e-01
1.632107548023196131e-01
2.142125471388265368e-01
9.247736944181728092e-02
1.928529749709406715e-01
2.183681718949816997e-01
1.837171378034563318e-01
2.064918739620722477e-01
2.909226471355186305e-01
1.574451054993772914e-01
1.543916100184921092e-01
1.953326955507224127e-01
2.772687565295237633e-01
1.128586007620926424e-01
1.518618674309184513e-01
1.820277482417331782e-01
1.312114141876090656e-01
2.320988820807627917e-01
1.632107548023196131e-01
1.533196792572999456e-01
1.836609318269566415e-01
1.836609318269566415e-01
2.320988820807627917e-01
2.254981244918115024e-01
1.504127560098602601e-01
2.447887664459891255e-02
1.943248649911053505e-01
2.073739757650816529e-01
2.488453372553331988e-01
1.413516782681458750e-01
2.229904735174974562e-01
1.149267739543011757e-01
1.688000378226961473e-01
1.148522062399965904e-01
1.074840518213662222e-01
1.312012625706859836e-01
1.368945470828206723e-01
1.812001111932239894e-01
1.851099593895346729e-01
1.373773609088031478e-01
2.935412887992638886e-01
1.496730800211478751e-01
1.625975400119701320e-01
1.312240443140337831e-01
1.447591598683004577e-01
1.545479372036400179e-01
2.038712448383055431e-01
1.584023106055347796e-01
2.240887987920157087e-01
1.775915006886856773e-01
2.274802728771607718e-01
1.655866104948424677e-01
1.574451054993772914e-01
2.665104162969278434e-01
1.377738537625177173e-01
1.104611411131273258e-01
1.740064068071509595e-01
1.414440262171270390e-01
2.179194919561906474e-01
1.560641210634203802e-01
2.678066580689888454e-01
2.780393177262636684e-01
1.297295290984479266e-01
1.715575090748622245e-01
2.459571208308775070e-01
2.195160668166726836e-01
1.519679642241378303e-01
1.869091616440012871e-01
1.680607241600444723e-01
1.463918569223761068e-01
1.350460063257603593e-01
1.779513757084449921e-01
1.753392627316028296e-01
9.734386812640316577e-02
1.675111506367210623e-01
1.254898501662653487e-01
1.749321174654587807e-01
1.213731373058024587e-01
2.263259707351821248e-01
1.527044657795553206e-01
1.900919751023115722e-01
2.972930367728077172e-01
2.184544606481031437e-01
1.293891362208752227e-01
1.659241374032749405e-01
1.460037744845186225e-01
1.058398692945781150e-01
1.433878578370215706e-01
1.436258303958890536e-01
2.474695182448183317e-01
2.278261753973689352e-01
1.440229729219932864e-01
1.316946511657608454e-01
2.151824953617946790e-01
1.381623266287475005e-01
1.225885007874989441e-01
1.798617655771739265e-01
1.611843779662622822e-01
1.348186167137921387e-01
2.152128539957445241e-01
2.745698052390315169e-01
1.249212020482159957e-01
1.997372329772071353e-01
1.221959556618568143e-01
1.905896505511339711e-01
1.116982512442099562e-01
2.276611785636815100e-01
1.373773609088031478e-01
1.550886331009051489e-01
1.521251864374404406e-01
1.688000378226961473e-01
1.720640244242561678e-01
1.265815764550861644e-01
2.821774415227125132e-01
1.402654278091137741e-01
1.858854061302004368e-01
1.863185901413304535e-01
1.785737584837772118e-01
1.486080690751769851e-01
1.710798084885594150e-01
1.217395640514631339e-01
1.312240443140337831e-01
1.762927733113475171e-01
1.613534993710521448e-01
1.250957212775265504e-01
1.783256604289178426e-01
1.907897269663809681e-01
2.867716735370970937e-01
1.484715113387888863e-01
2.462642956102065739e-01
2.889320401663413307e-01
2.662222866086274564e-01
1.562212465352779134e-01
2.159957293527776656e-01
2.848158873573529704e-01
1.738166211897160807e-01
2.286115605622693892e-01
1.525522695959304897e-01
2.244509814978359330e-01
1.806773301626272143e-01
2.690939844327608910e-01
2.742405410248043296e-01
1.659241374032749405e-01
1.666660216867148492e-01
1.148854685689064681e-01
1.762583292804640323e-01
1.705567881884739734e-01
2.815722981592436724e-01
2.935412887992638886e-01
1.524604922363499426e-01
1.317251183966403616e-01
1.776608616544139707e-01
2.778892554899101697e-01
1.582501342478348505e-01
1.156402136465137787e-01
2.835479222544794453e-01
2.623549266298663696e-02
1.814101900595224137e-01
1.263447700768471904e-01
2.816219104419426245e-01
1.402975408797786372e-01
1.625397821732352810e-01
1.869388699601035597e-01
1.632107548023196131e-01
1.396237028214759590e-01
1.422381528612950419e-01
1.752242797198420021e-01
1.338350733051090202e-01
1.521251864374404406e-01
1.332570845489620126e-01
1.746364581919337411e-01
1.718398462457306763e-01
1.007131333859812017e-01
1.588875756019119123e-01
2.171542685126377492e-01
1.811891640123715064e-01
1.173942301225086027e-01
1.500150997722951018e-01
1.625975400119701320e-01
2.785930489440398006e-01
2.064918739620722477e-01
2.274508996088231427e-01
2.076178595523572312e-01
1.691294446992559486e-01
1.586511089334052826e-01
2.215047340416580468e-01
1.845723905020397737e-01
2.256312438201435455e-01
5.286008429707234058e-02
2.284017051224136452e-01
2.678066580689888454e-01
1.625975400119701320e-01
1.725986982696561256e-01
1.546507025209571395e-01
1.187545361059738624e-01
2.142933132451751987e-02
2.312563643757403753e-01
1.215809470482343002e-01
1.545285300993093358e-01
2.422788767032617585e-01
2.238597402655626567e-01
1.130231195722606330e-01
9.889606756723434700e-02
2.064918739620722477e-01
1.302430291865679379e-01
1.396589596411752510e-01
1.145381344522071743e-01
2.484757466062426090e-02
1.308101331562889769e-01
1.836609318269566415e-01
1.438894622269293322e-01
2.304605352619200076e-01
1.521251864374404406e-01
2.361235017796916580e-01
1.312183905916288751e-01
1.215978609057790649e-01
1.456232691658296829e-01
1.392263001534947975e-01
2.062021794554507181e-01
2.394102340545227747e-01
1.694856201959780151e-01
1.055937796295847164e-01
2.580912242155299907e-01
1.727148504474822488e-01
1.792229324981304828e-01
1.708072482313571783e-01
1.608914374662830937e-01
2.158307633494924715e-01
2.444946478125711309e-01
2.866491490101026329e-01
1.296823727895901612e-01
2.284394216918519405e-01
2.199979998919685542e-01
1.752416015554016937e-01
1.836609318269566415e-01
1.242955159829026712e-01
1.568225133082679079e-01
1.207376237802595398e-01
1.312487375101527576e-01
1.836598959170441248e-01
1.521251864374404406e-01
1.909899534410461897e-01
1.453507202023613942e-01
1.373306090633770182e-01
1.767402623557581265e-01
1.809627010151118043e-01
1.190493441963651478e-01
1.663816048581994167e-01
1.861188077464204227e-01
2.264611310120363541e-01
1.247019217895930510e-01
1.173129554738547853e-01
2.246249762177834342e-01
1.312866203449889468e-01
1.457438099752215166e-01
1.869388699601035597e-01
1.664590073239784473e-01
1.189788671301803546e-01
1.796590478943898006e-01
1.441324294288053309e-01
2.145242920754499849e-01
2.145242920754499849e-01
1.721222476146042624e-01
1.530871395166339965e-01
1.717098501880593986e-01
1.502277088031833685e-01
1.812213455768745263e-01
1.170643427104307577e-01
1.762786000610114812e-01
1.680471464511335000e-01
1.226065786368462085e-01
2.241004793262506567e-01
2.280354385853469168e-01
1.975899344006757374e-01
1.755845684493717584e-01
1.537985991198240754e-01
2.815600853705895190e-01
1.522842230628942417e-01
2.483163750918375712e-01
2.069412412369260323e-01
2.064918739620722477e-01
1.685003773587183673e-01
1.456232691658296829e-01
1.447615813644231864e-01
1.606721013533016773e-01
2.118818637765640389e-01
1.252755404104926029e-01
2.271501920557508214e-01
2.261123822492043800e-01
1.589049937859012829e-01
1.599783509951526739e-01
1.336936454934924967e-01
2.823306465673303123e-01
1.755845684493717584e-01
1.601704687883982459e-01
1.150002550315400995e-01
1.705567881884739734e-01
1.192017829381288863e-01
2.156023347213826824e-01
1.781263706093882959e-01
1.945503221165303387e-01
1.837627592688493294e-01
1.632107548023196131e-01
1.300472302498976163e-01
1.738533500746806126e-01
1.857524077923828898e-01
1.856983760923247573e-01
1.521251864374404406e-01
1.861835711840749141e-01
1.303197905071007412e-01
1.624393868020099774e-01
1.639903309207655369e-01
1.254898501662653487e-01
1.271187046873114568e-01
1.755562434234736457e-01
1.320164908225089917e-01
1.575002054854897082e-01
1.712867169176952586e-01
2.275605089069401288e-01
1.611680912930504306e-01
1.884356190713463164e-01
1.641312095134166427e-01
1.314836357978812487e-01
1.630935753410440725e-01
2.552571135688630477e-01
1.378325840932355106e-01
1.410702543386816998e-01
1.601732121477157378e-01
2.165481500982169294e-01
1.851926045510445817e-01
1.943198775764765074e-01
1.831308173135548500e-01
1.870343973182313491e-01
2.264506856702528381e-01
2.321440931710370137e-01
1.000403468423147757e-01
1.772254574475082833e-01
1.023620652152317234e-01
2.207590400466061809e-01
1.172010629273634308e-01
2.259846051247516030e-01
1.551008425425042248e-01
2.745698052390315169e-01
1.659241374032749405e-01
1.297295290984479266e-01
2.048092945659920616e-01
2.659727746506579393e-01
1.115506029856261350e-01
1.414644928831068071e-01
1.577098459331862657e-01
1.632107548023196131e-01
1.302552128885405835e-01
1.167280781107367105e-01
2.284394216918519405e-01
1.074269296810381746e-01
1.625975400119701320e-01
2.259846051247516030e-01
1.119513185331069138e-01
1.201519802811201743e-01
1.531992242967774587e-01
2.484757466062426090e-02
1.097999039459258697e-01
1.869388699601035597e-01
1.726431617057144763e-01
1.333735425277033926e-01
1.353885332903548289e-01
1.625975400119701320e-01
1.649851746372910100e-01
1.471312704353042733e-01
2.818836420298893586e-01
1.764187725397015072e-01
1.476544737532661244e-01
2.262175763543261553e-01
2.426127322075073423e-01
2.803945430331991062e-01
1.772254574475082833e-01
1.811024623418813206e-01
2.098145716013588569e-01
2.193902787526509357e-01
1.508863285477444194e-01
2.330036803763997355e-01
1.657392098349186327e-01
2.183005250369101091e-01
2.509563622557404727e-01
1.498636273557636400e-01
2.742405410248043296e-01
2.623344309099868710e-01
2.416728170361919226e-01
1.770234474107708067e-01
1.527044657795553206e-01
1.751840013731253975e-01
2.646470298989660463e-01
1.817722881205270369e-01
2.727744092765682637e-02
1.471582715231143368e-01
1.997656934006908358e-01
2.184056715850308805e-01
1.436213574617992705e-01
2.408767543275915912e-01
1.570771361299359015e-01
1.628578036875660828e-01
2.205424742891981538e-02
2.483403280987159789e-01
1.381723093395237356e-01
2.029105956016241663e-01
1.361749125248223891e-01
2.074927603509522100e-01
2.130856268780911833e-01
6.483835403863658087e-02
1.552599717234866006e-01
1.625975400119701320e-01
2.268953986222310704e-01
1.457629264931474822e-01
1.724520763229557829e-01
1.373306090633770182e-01
1.779807562235369289e-01
2.140383754178269982e-01
1.945503221165303387e-01
1.594458132502607484e-01
1.798747975648362640e-01
1.219192616869877455e-01
1.521251864374404406e-01
1.317381846909464471e-01
2.972930367728077172e-01
1.533896752216827863e-01
1.537049908336092230e-01
1.521251864374404406e-01
1.297295290984479266e-01
1.774584910952849981e-01
2.259846051247516030e-01
2.276882860313929058e-01
1.299647460167854263e-01
1.563942230172168379e-01
2.074927603509522100e-01
1.265815764550861644e-01
1.867847107062914347e-01
1.765267485237886902e-01
1.397438403668660456e-01
2.279018745173697624e-01
1.297668188207463658e-01
1.594458132502607484e-01
2.855845649161201649e-01
1.659241374032749405e-01
1.229375972455493127e-01
2.895833416095427992e-01
2.296631886757296570e-01
1.700197013709461302e-01
1.835300969332749332e-01
1.543481625833411641e-01
1.957182497791380982e-01
2.789080912726653594e-01
1.796094212477346019e-01
1.187545361059738624e-01
2.376994055618810719e-01
1.278702464397776239e-01
1.952882410042722228e-01
1.372596339533362908e-01
1.686344026535486762e-01
1.058738782320718386e-01
2.267628503985896771e-01
1.943198775764765074e-01
1.625397821732352810e-01
1.550013486882315661e-01
1.417668116945032253e-01
1.413516782681458750e-01
1.898390629280024555e-01
1.693794042876710648e-01
1.399162286129351784e-01
2.010141758555930025e-01
5.179665279460898830e-02
1.226879336293631440e-01
2.678066580689888454e-01
1.753730827508670487e-01
1.815678443785788687e-01
1.925415096411962068e-01
1.278702464397776239e-01
1.831792096591264851e-01
1.755845684493717584e-01
1.625975400119701320e-01
1.810882317510671413e-01
2.700087572976972439e-02
8.220928982035324850e-02
2.831978142241311502e-01
1.515067896641451028e-01
1.375938435368340151e-01
2.678066580689888454e-01
1.522058614469701254e-01
1.570006636225134145e-01
2.254710603854181983e-01
2.067558154769724155e-01
1.521251864374404406e-01
1.913284020114618400e-01
2.908936394400827297e-01
2.464603488303209744e-01
1.249923382424587004e-01
1.278702464397776239e-01
1.337295200607675483e-01
1.122223951535987752e-01
9.423352641788085293e-02
2.708722026538632477e-01
1.373306090633770182e-01
1.304352247418805177e-01
2.678066580689888454e-01
2.076178595523572312e-01
1.655983069835338384e-01
1.646616743307998121e-01
1.889661488710006054e-01
1.836609318269566415e-01
1.260558353609582127e-01
1.172010629273634308e-01
2.281182179822645040e-01
2.118816329924007036e-01
1.527044657795553206e-01
1.557386108001326264e-01
1.734567764318981631e-01
1.821763249771031212e-01
2.838220099223995874e-01
1.278345090263810491e-01
2.670234700922868853e-01
1.613534993710521448e-01
2.062969923443818132e-01
1.385903120132603306e-01
1.271867198185532288e-01
1.826677838070072113e-01
1.266089553343787699e-01
1.217395640514631339e-01
1.435500817314796507e-01
1.550013486882315661e-01
2.342138513740197325e-01
1.294380711702567410e-01
2.103115830319373103e-01
1.341563657359223782e-01
2.240887987920157087e-01
2.156849798828934794e-01
1.128500660683480206e-01
1.437889924640165518e-01
1.606050129502465396e-01
1.854150054419907434e-01
1.711993469786374789e-01
1.177792576716445438e-01
1.815678443785788687e-01
2.184544606481031437e-01
2.869772176075153780e-01
1.870343973182313491e-01
2.159722228670286626e-01
2.621510575816623501e-01
1.782191565761301888e-01
1.484715113387888863e-01
1.258071375735134723e-01
1.815678443785788687e-01
2.160305879313142441e-01
1.695611755429320411e-01
1.717379717135978368e-01
1.673407876251618021e-01
1.823397635075920675e-01
1.900919751023115722e-01
1.382627218710652528e-01
1.648570971546430286e-01
1.237566506293967805e-01
2.670234700922868853e-01
2.066347421929526362e-01
1.202206742703673115e-01
1.424464259646303077e-01
1.717098501880593986e-01
1.371556226930703559e-01
2.157758535509399778e-01
2.321440931710370137e-01
2.176502232423356276e-01
1.988155532488109500e-01
1.745576440162297516e-01
2.347487212947223512e-01
1.274707556671321740e-01
2.249212779803020368e-01
2.380861682200849927e-01
1.190740378934531662e-01
1.342280915465918767e-01
2.446187785577027540e-01
2.259846051247516030e-01
1.863185901413304535e-01
1.309179840992191757e-01
1.562309053529746805e-01
1.708072482313571783e-01
2.195160668166726836e-01
2.028645409026275104e-01
1.545386766826011282e-01
2.476636816567143740e-01
1.271187046873114568e-01
2.816219104419426245e-01
1.184919700259845499e-01
1.868368757303233707e-01
1.535601466153275751e-01
1.522797093387282530e-01
2.058159985016683180e-01
2.637994402219980827e-01
1.650451510968613533e-01
1.153076719896732882e-01
1.414440262171270390e-01
1.100034464476404850e-01
2.304605352619200076e-01
1.312658483217212790e-01
2.700977721660287045e-01
1.439771840805272873e-01
1.660744639355948848e-01
1.352015125866063983e-01
1.275338381136688071e-01
1.792229324981304828e-01
2.892943397735541211e-01
1.910684617799072171e-01
2.519115018459530120e-01
1.815678443785788687e-01
1.378879438836682070e-01
1.863185901413304535e-01
2.145242920754499849e-01
2.259846051247516030e-01
1.521251864374404406e-01
2.242800822582520226e-01
1.271954497650771287e-01
2.341971228409276407e-01
1.756182541062951685e-01
2.165481500982169294e-01
2.972930367728077172e-01
1.681203637436077258e-01
2.935412887992638886e-01
1.632107548023196131e-01
2.124745758655128824e-01
2.909226471355186305e-01
2.532436839623635194e-01
1.811891640123715064e-01
1.886720107955017767e-01
1.862950836555805623e-01
2.635587982560307907e-01
1.609182948527134727e-01
1.815678443785788687e-01
2.472792496927889161e-01
1.054729002368377522e-01
1.632107548023196131e-01
1.164890183356357412e-01
1.489841329441397022e-01
1.551032315852571841e-01
1.832171703118836703e-01
1.804566025420761832e-01
1.116273611437694768e-01
1.760167434750945503e-01
2.794731406746970848e-01
1.350460063257603593e-01
1.863185901413304535e-01
2.245296672405139304e-03
1.393524273049138174e-01
1.457438099752215166e-01
1.854150054419907434e-01
2.333676364072445608e-01
1.250247784366838033e-01
1.249212020482159957e-01
1.303719621842134302e-01
5.820264155808452244e-02
1.625975400119701320e-01
1.418525589737695825e-01
1.527044657795553206e-01
1.052009969348404184e-01
1.074269296810381746e-01
2.226297847299409938e-01
2.215047340416580468e-01
1.647363528768854835e-01
1.611843779662622822e-01
2.824744411103417008e-01
1.325010718685915023e-01
2.401673397434533896e-01
1.755845684493717584e-01
1.521251864374404406e-01
1.281225663713030372e-01
1.042706982179701924e-01
1.301314022825099670e-01
1.578687207077269505e-01
2.588590754763364643e-01
1.539586808771762350e-01
2.374296875606605184e-01
1.204610522472115974e-01
9.227593844025783199e-02
1.531992242967774587e-01
2.084537817088216727e-01
2.290345389290946443e-01
1.691685903990940432e-01
2.366665666403431345e-01
2.373912600938936635e-01
1.657392098349186327e-01
1.554151229103215570e-01
2.434919875238872322e-01
1.197756960206408650e-01
1.424464259646303077e-01
1.500392875264102699e-01
1.297295290984479266e-01
1.285791689426520890e-01
2.341901411867537419e-01
1.979974017272860820e-01
2.185016852938730381e-01
1.686224137177836369e-01
1.473767568413029139e-01
1.907897269663809681e-01
1.666106789648003073e-01
2.278888359888764370e-01
2.258222933428006840e-01
2.618822248171008837e-01
1.661133399686232082e-01
1.628578036875660828e-01
1.566150764330203060e-01
2.408767543275915912e-01
2.347512145950672036e-01
1.696342665156951313e-01
1.187545361059738624e-01
2.321440931710370137e-01
9.814290176720597003e-02
1.708072482313571783e-01
1.245439715403371395e-01
1.557963687369241512e-01
2.440529452371853480e-01
1.765029537556381811e-01
1.215251285978942164e-01
2.770277482106422440e-01
1.833070497438002988e-01
1.458850669494520247e-01
1.732275462197536697e-01
1.381623266287475005e-01
2.353499153512519371e-01
5.408985292736279149e-02
1.616858170493618019e-01
1.755845684493717584e-01
1.557019899618898862e-01
1.747778272479365569e-01
1.900366789583012306e-01
1.382336376588630955e-01
1.478925548280427549e-01
1.477504283025838916e-01
1.464594840095676531e-01
2.471442750392061072e-01
1.483422369814020314e-01
1.446128132414772338e-01
1.775911247530279624e-01
1.393971118480532567e-01
1.724520763229557829e-01
1.485782576438960945e-01
1.332264026844987015e-01
1.164890183356357412e-01
1.548234367085825625e-01
1.307537476008580057e-01
1.765945000475168669e-01
1.725986982696561256e-01
1.605734469026112166e-01
2.002973678771304833e-01
1.744833822108011745e-01
1.040978980882520943e-01
2.281421880616445463e-01
1.905590878797873700e-01
1.704456647879792897e-01
2.335163803556623563e-01
1.752416015554016937e-01
1.414644928831068071e-01
1.727148504474822488e-01
1.557019899618898862e-01
2.124745758655128824e-01
1.753730827508670487e-01
1.127369080815245894e-01
1.659654869917677189e-01
1.705451346431594573e-01
1.502544188066741171e-01
4.140382649842067053e-03
1.061151463222005376e-01
1.771034582304684690e-01
1.720865124242365596e-01
1.750756102664192682e-01
1.649851746372910100e-01
1.354767107428145323e-01
2.512697379454937874e-01
2.299897347015562588e-01
2.236192905328318048e-01
1.611843779662622822e-01
2.257931008585023491e-01
1.680471464511335000e-01
2.102472036102218667e-01
1.632107548023196131e-01
1.757955677391205285e-01
1.330262553865093622e-01
1.846756917793399566e-01
1.002340667700707399e-01
2.091846625914310920e-01
2.356224756084541738e-01
1.456667820089725396e-01
1.711491956385060575e-01
1.300980587237487995e-01
1.722020998268858349e-01
2.794731406746970848e-01
1.905590878797873700e-01
2.093440379956783559e-01
1.470377585586444269e-01
2.807547427851417865e-01
1.594844464081832669e-01
1.457438099752215166e-01
2.363621057826472693e-01
2.421924999798186207e-01
1.735156750965698436e-01
2.408411005745438871e-01
2.812641177746098009e-01
1.417668116945032253e-01
1.583131966851594186e-01
1.598717541552261423e-01
1.632107548023196131e-01
2.708722026538632477e-01
2.274964805488863817e-01
1.789612958070927462e-01
1.226065786368462085e-01
1.371556226930703559e-01
1.189788671301803546e-01
1.519212751176670650e-01
1.302373062739876630e-01
2.686604831886638678e-01
1.278702464397776239e-01
2.528666335015774536e-01
2.356476913442877574e-01
2.749817042901909758e-01
2.049837077237350869e-01
1.717668688892972639e-01
1.945503221165303387e-01
1.937266043980194752e-01
2.486626165214627093e-01
1.442190384318315921e-01
1.204610522472115974e-01
2.476365827948310283e-01
2.179157661605959362e-01
1.925057665030438514e-01
1.206770658807583274e-01
1.825658148211690701e-01
1.328673549754553207e-01
1.476082012847896863e-01
1.556549093545651630e-01
1.515711831295964984e-01
2.268953986222310704e-01
1.666014739625110153e-01
1.905896505511339711e-01
1.457438099752215166e-01
2.241004793262506567e-01
1.734567764318981631e-01
2.700087572976972439e-02
1.164053920342977833e-01
1.708272579377361211e-01
2.280151427978642786e-01
1.681372474691045227e-01
1.767402623557581265e-01
1.363477715049583594e-01
2.729573609723559002e-01
1.327734985401081147e-01
2.064918739620722477e-01
2.839078199438596073e-01
1.619346388097664402e-01
1.409875623595597816e-01
2.854013138253259640e-01
1.271867198185532288e-01
1.072615548817283937e-01
1.830124984253451714e-01
1.365515506299761483e-01
2.440195247141394574e-01
2.134895771256681840e-01
1.303395851461912613e-01
1.744627506157785390e-01
2.005017724230286902e-01
1.415234185443141612e-01
1.817722881205270369e-01
2.037000941233442219e-01
1.262219162053161980e-01
1.696804571975416565e-01
1.206560981635442786e-01
8.451477876519586374e-02
2.049191812048078987e-01
1.960158942021861250e-01
1.865300758398351633e-01
1.595944438233329876e-01
2.226297847299409938e-01
2.195160668166726836e-01
1.104790761589162784e-01
2.770277482106422440e-01
2.049837077237350869e-01
2.261123822492043800e-01
1.273759378978409629e-01
1.312866203449889468e-01
2.921371480016103916e-01
1.711270184312168041e-01
1.232816814851851461e-01
2.340319974407529813e-01
2.506869075279523074e-01
1.632107548023196131e-01
1.891084154733082556e-01
2.340513502979355565e-01
1.015592366234105981e-01
2.083571732150080180e-01
1.562815167483151413e-01
1.397438403668660456e-01
2.909656129899236277e-01
1.247014594154265410e-01
2.249538430893442964e-01
2.846956706023746619e-01
1.625975400119701320e-01
2.021193634999951527e-01
1.550013486882315661e-01
1.361253483020981037e-01
1.300980587237487995e-01
1.625975400119701320e-01
2.349221008843613845e-01
2.203214834585294213e-01
1.625975400119701320e-01
1.373773609088031478e-01
2.335983366545546502e-01
2.068622945658606938e-01
1.829118193861001274e-01
1.811533219368435255e-01
2.059281942333521798e-01
4.967512134419838077e-02
1.611843779662622822e-01
1.528333738925145013e-01
1.278702464397776239e-01
2.084409250272161174e-01
1.756208845495956794e-01
1.453954289807706246e-01
1.717379717135978368e-01
1.755845684493717584e-01
2.749817042901909758e-01
1.327296427574493620e-01
1.672996649382154644e-01
1.179026128124727180e-01
1.697933390534913656e-01
1.381623266287475005e-01
1.765516966164168977e-01
1.557019899618898862e-01
1.238396590826722488e-01
1.557561546797465724e-01
1.813557341203457796e-01
1.906137682444049020e-01
1.767402623557581265e-01
1.639721276337162692e-01
1.836609318269566415e-01
5.179665279460898830e-02
1.499431430422353273e-01
2.259846051247516030e-01
2.269190864487873327e-01
1.339679913599676198e-01
2.641104697442067106e-01
1.115506029856261350e-01
1.804216179553641553e-01
2.372235951264753950e-01
1.677853900630639217e-01
2.504212410375226128e-01
1.721799805267796302e-01
5.432856438113642383e-02
2.642871322669622103e-01
1.624714411396679381e-01
2.916170125538730673e-01
1.934203775205576292e-01
1.989604161537936733e-01
1.294322134943870495e-01
1.460905625810546837e-01
2.258690387847472891e-01
1.225885007874989441e-01
1.734567764318981631e-01
1.303346724619149910e-01
1.300642459478726920e-01
2.076413660381071224e-01
1.817466771280873417e-01
1.171048305746733575e-01
1.276998012220520451e-01
1.845851881774907000e-01
1.815678443785788687e-01
1.783718326905114893e-01
1.040978980882520943e-01
1.527044657795553206e-01
1.365509170386864923e-01
1.306663926499824768e-01
2.059281942333521798e-01
1.665619382447651731e-01
2.231304920183845297e-01
1.965052534469524659e-01
1.453277826118597460e-01
2.405376016552027707e-01
1.753730827508670487e-01
1.625975400119701320e-01
2.649346051329866114e-01
1.632107548023196131e-01
1.393773451132940266e-01
2.434919875238872322e-01
2.321440931710370137e-01
1.625975400119701320e-01
2.441124564386534246e-01
1.905896505511339711e-01
1.771738504534710046e-01
1.835743420998303677e-01
1.294727250081564307e-01
1.201027054014005557e-01
1.657807751571196420e-01
2.016517178391890042e-01
2.323033288306683986e-01
1.681372474691045227e-01
1.141776626686743512e-01
2.935412887992638886e-01
2.807547427851417865e-01
1.278702464397776239e-01
2.656555479584978841e-01
1.688000378226961473e-01
1.297295290984479266e-01
1.606721013533016773e-01
2.640739654188779539e-01
1.417668116945032253e-01
2.780393177262636684e-01
1.934384488162317339e-01
1.583133042605338048e-01
2.935412887992638886e-01
2.264611310120363541e-01
1.821804773076740602e-01
1.920329026373996939e-01
1.511984374376815765e-01
1.777877071621638549e-01
1.664449556781066875e-01
1.600011766905735655e-01
2.171542685126377492e-01
1.256258028200978316e-01
1.519141871804228217e-01
1.968158492475922117e-01
1.632107548023196131e-01
2.324351271656110995e-01
1.690739205479419027e-01
1.621962045722478152e-01
1.681203637436077258e-01
2.678066580689888454e-01
1.778205891562887331e-01
1.623176461437321194e-01
1.829871709958643677e-01
2.756452540447202892e-01
1.256455201028945368e-01
1.548234367085825625e-01
2.193867528619808382e-01
2.817994975265580848e-01
4.940956006131536071e-03
1.396589596411752510e-01
1.659241374032749405e-01
1.792229324981304828e-01
1.674926990539944427e-01
2.908936394400827297e-01
1.273670005769638180e-01
2.147853483660560059e-01
3.180032726619508310e-02
1.410502175368435474e-01
1.729116141012232433e-01
1.865953440740328872e-01
1.500392875264102699e-01
1.525126222504216145e-01
1.419830782425419713e-01
1.299050850967100601e-01
1.659241374032749405e-01
1.856448293102381797e-01
2.289702767972991992e-01
1.297295290984479266e-01
1.727148504474822488e-01
1.249961879766976480e-01
1.509674603495643197e-01
1.476235777526451187e-01
2.049837077237350869e-01
1.269856280073495824e-01
2.100260572998644548e-01
2.024760978336201944e-01
1.307537476008580057e-01
1.251888361181228149e-01
1.399756131915710355e-01
2.584178064113711315e-01
2.917111948141863920e-01
1.737594804055468956e-01
2.066602811626649938e-01
1.691294446992559486e-01
1.449584068434823791e-01
1.810882317510671413e-01
1.997528840419322549e-01
2.035843564327164401e-01
3.180032726619508310e-02
2.663361658295659851e-01
1.688000378226961473e-01
2.112081029454726533e-01
3.595220319167147238e-03
2.217421204642286980e-01
2.340786813288726620e-01
2.195160668166726836e-01
1.515403956760774662e-01
2.908936394400827297e-01
2.252508426769734839e-01
1.666707166883618640e-01
1.624122796847959904e-01
2.339825037856977374e-01
1.755845684493717584e-01
1.632107548023196131e-01
2.361235017796916580e-01
1.361402254654171529e-01
1.659241374032749405e-01
1.188470561837053907e-01
2.611707074385494209e-01
2.025308134870575927e-01
1.180506689380562690e-01
2.096836220453353050e-01
1.238392925390154886e-01
1.599580105922271400e-01
1.666363870832370253e-01
2.257131178095592716e-01
1.664545359882110276e-01
2.463396505123141011e-01
2.208345933813493644e-01
2.643000631141738666e-01
1.659241374032749405e-01
1.548234367085825625e-01
1.153338652075888149e-01
1.391231259864111891e-01
1.805851019047128858e-01
1.561095643542911304e-01
1.373773609088031478e-01
1.590760714366270534e-01
1.708072482313571783e-01
2.240887987920157087e-01
1.810007694605495487e-01
1.739446433897908761e-01
2.179641082462158153e-01
1.659241374032749405e-01
1.381230684630319061e-01
1.372596339533362908e-01
2.397561936915844072e-01
1.701549591096087610e-01
2.165627434709467281e-01
1.873505193081141940e-01
8.295804556037023048e-02
1.518404610994279480e-01
1.835621509461606848e-01
1.641312095134166427e-01
2.810829524054812012e-01
1.659241374032749405e-01
2.171542685126377492e-01
1.325010718685915023e-01
1.517062436443747941e-01
1.508863285477444194e-01
1.489370848065023623e-01
1.489120490721331791e-01
2.838715750552243122e-01
2.093343306235704304e-01
1.911646058413127847e-01
2.156849798828934794e-01
2.183818658599863127e-01
1.420696362465756479e-01
2.661659196800618687e-01
1.301314022825099670e-01
1.445493171553637879e-01
1.301314022825099670e-01
2.064918739620722477e-01
2.273523308766023376e-01
1.358078539884290947e-01
1.727885633915207109e-01
1.372596339533362908e-01
1.647828414333600833e-01
1.052870397794238855e-01
1.556586352128705997e-01
2.274151521605176640e-01
1.558850261149125060e-01
2.972930367728077172e-01
2.200738525243428612e-01
1.713083784999520631e-01
1.733149484322007439e-01
1.655393878377067196e-01
2.478141196134915347e-01
1.042645221752174223e-01
1.083430720407703163e-01
1.383502212178386870e-01
1.645575613600032128e-01
1.806206915378014699e-01
5.264482258628522260e-02
2.214688864587657235e-01
1.492818299062683707e-01
2.254710603854181983e-01
2.159631664577501553e-01
1.641312095134166427e-01
4.940956006131536071e-03
1.293891362208752227e-01
1.115861700431599601e-01
1.048148240228981010e-01
1.721301180145005105e-01
1.681372474691045227e-01
2.379469682402666209e-01
1.459334690145848157e-01
1.937236405625304414e-01
1.271392072214601043e-01
1.727148504474822488e-01
1.300472302498976163e-01
1.615429314846164033e-01
2.466510495991434126e-01
1.815678443785788687e-01
1.815678443785788687e-01
1.367192668797807542e-01
1.708072482313571783e-01
2.909226471355186305e-01
1.173942301225086027e-01
2.229775678979963871e-01
2.165481500982169294e-01
1.293891362208752227e-01
1.016977613452363371e-01
1.724520763229557829e-01
1.414123399605511366e-01
1.482456886575231891e-01
1.882409973604932674e-01
4.861715114229259171e-02
2.428584524173276193e-01
2.375301510042824304e-01
1.386245535937096207e-01
1.666014739625110153e-01
2.205424742891981538e-02
1.325087967686169321e-01
1.814326038464191271e-01
1.317381846909464471e-01
1.786989849630620242e-01
1.685544716072566729e-01
1.822380585550087417e-01
1.735156750965698436e-01
1.278702464397776239e-01
1.494831510227001559e-01
1.605064804000981837e-01
1.841653221432935084e-01
2.098145716013588569e-01
1.772254574475082833e-01
1.749313650404733522e-01
1.327988657745411416e-01
1.359517488612222991e-01
1.291057829797059853e-01
2.810829524054812012e-01
1.459211897344809827e-01
1.694757211082800197e-01
1.560013188264059991e-01
1.382627218710652528e-01
1.501475888868384345e-01
1.875140099457421883e-01
1.103511917705581880e-01
1.380809501821618213e-01
2.361235017796916580e-01
2.249539229870203272e-01
2.447887664459891255e-02
1.792229324981304828e-01
2.506806322563113198e-01
2.603962769507148778e-01
1.968660117373444152e-01
1.790735058722665585e-01
1.368945470828206723e-01
1.666014739625110153e-01
1.317381846909464471e-01
1.467692548487757875e-01
1.638282084326103671e-01
1.754788796113739835e-01
2.831482019414330864e-01
1.489370848065023623e-01
2.091693337898821170e-01
2.700984946970077516e-01
2.265978514192337201e-01
2.202542070694795129e-01
1.333065265771802288e-01
1.580565471179982140e-01
1.281606566608459730e-01
1.806413045535935069e-01
2.764028873630097749e-01
1.674940495160797127e-01
1.133420514449916539e-01
1.819666736830338749e-01
1.823372386939796641e-01
2.715262465894614508e-01
2.266059752573941211e-01
1.860912802831364843e-01
1.611843779662622822e-01
2.838715750552243122e-01
2.720552180212596483e-01
1.227001507853033857e-01
2.541584213690812888e-01
1.156021556596487088e-01
2.004229614337278420e-01
2.241004793262506567e-01
1.747028180903908989e-01
1.555714147991382745e-01
1.839185233217781601e-01
2.342231243174364153e-01
1.263288494022933861e-01
2.249536835505567822e-01
1.839343238366426547e-01
1.539068751341394758e-01
2.170658765933834999e-01
2.820537128242017744e-01
2.152705369101255428e-01
1.679734257693068500e-01
1.773879169084509044e-01
2.260918976209582709e-01
1.271867198185532288e-01
1.841910835789812850e-01
1.512783724080950520e-01
2.426127322075073423e-01
2.996126809858061790e-01
2.179641082462158153e-01
1.823545969852995441e-01
1.316295727453331565e-01
1.671024220078880518e-01
1.668021109410311453e-01
1.627962252654073794e-01
1.749880499560783065e-01
9.894805638442605300e-02
2.435421887470488045e-01
2.794731406746970848e-01
1.836609318269566415e-01
2.156236238092814617e-01
2.234634531962793602e-01
1.265153785164701006e-01
1.066740022880647842e-01
1.308948291323952517e-01
1.755845684493717584e-01
2.619643065254555481e-01
2.875749174815744880e-02
1.433939774899171127e-01
2.220051965160960705e-01
2.059281942333521798e-01
2.603962769507148778e-01
5.122315862759574401e-02
1.687236866128118962e-01
2.820810969475857632e-01
2.028083195700185470e-01
2.001819581448804897e-01
1.583133042605338048e-01
1.710902969738343771e-01
2.120619875375382435e-01
1.310181100096281526e-01
4.140382649842067053e-03
1.430380405519544595e-01
1.273670005769638180e-01
1.790735058722665585e-01
5.486118336806455886e-03
1.018864323032362407e-01
1.833836534010746533e-01
1.462925274858353220e-01
1.268459412450342327e-01
1.521251864374404406e-01
1.662084878729652715e-01
1.267983219722834676e-01
2.263238679477082016e-01
1.945503221165303387e-01
2.100260572998644548e-01
1.810882317510671413e-01
2.276882860313929058e-01
1.208564486223151491e-01
1.282516626903706936e-01
2.518958730828568804e-01
2.815722981592436724e-01
1.810882317510671413e-01
1.408852135409937034e-01
2.160541174114447571e-01
2.497383042000054232e-01
1.789717118814193597e-01
2.347487212947223512e-01
1.625975400119701320e-01
2.039635115484621508e-01
2.294077257699722594e-01
2.837533453049001508e-01
2.321440931710370137e-01
1.519891435959541681e-01
1.710746385043826479e-01
1.611843779662622822e-01
1.595385052631543843e-01
2.464987578260977585e-01
2.264611310120363541e-01
1.722326624982315479e-01
1.294503727032747520e-01
1.155813865305246324e-01
1.517469172148890877e-01
2.226511095137677643e-01
1.605132209158552925e-01
1.774528221003226491e-01
1.260597936451102186e-01
1.767402623557581265e-01
1.796428636860536443e-01
2.763448113731259426e-01
1.074269296810381746e-01
1.625975400119701320e-01
1.844848015187272594e-01
1.508328521666513211e-01
1.650551846971932690e-01
1.531992242967774587e-01
1.755845684493717584e-01
1.811891640123715064e-01
1.300472302498976163e-01
1.531569194665731715e-01
1.811671447570590843e-01
2.354633202096856337e-01
2.259846051247516030e-01
1.266999308670886393e-01
1.557019899618898862e-01
1.450677355364344834e-01
1.409700139710574618e-01
1.482970118408353244e-01
1.664545359882110276e-01
1.644495731809776373e-01
2.657870431831366176e-01
2.347512145950672036e-01
1.929268413784068770e-01
1.530871395166339965e-01
1.659241374032749405e-01
1.297295290984479266e-01
1.466574103649609384e-01
1.865479354393526634e-01
1.774584910952849981e-01
1.075807467196261413e-01
2.432178755709761830e-01
2.182559790247555753e-01
1.717098501880593986e-01
2.194252210668228287e-01
1.870343973182313491e-01
2.789080912726653594e-01
2.035843564327164401e-01
1.325010718685915023e-01
1.284878799697315443e-01
1.632107548023196131e-01
1.798249705533478959e-01
1.555315426104257881e-01
1.460453903963472300e-01
1.278702464397776239e-01
2.269849119816695904e-01
2.916255991685181570e-01
1.496730800211478751e-01
1.225085933291314433e-01
1.521251864374404406e-01
2.727882586657992547e-01
1.803489180884154663e-01
2.458723581752133569e-01
1.530592854571732886e-01
1.891694263355239158e-01
1.470622770335214824e-01
2.064918739620722477e-01
2.678066580689888454e-01
1.583133042605338048e-01
2.263259707351821248e-01
1.226065786368462085e-01
1.316233024009392238e-01
1.263197363318964150e-01
1.704057965517682405e-01
2.263259707351821248e-01
1.237566506293967805e-01
2.277232192387259602e-01
1.632107548023196131e-01
1.841760076548561997e-01
1.648069035321810816e-01
1.495125312173053445e-01
1.167181901068907734e-01
2.193555396600412877e-01
1.440253774643132090e-01
1.262066808701280962e-01
1.386245535937096207e-01
1.170774414810011876e-01
2.425370362983674255e-01
2.810829524054812012e-01
2.734851157218960438e-01
1.817635295622199720e-01
1.587684817755912192e-01
1.727148504474822488e-01
2.820810969475857632e-01
1.308427374927285669e-01
1.676345997151820200e-01
1.642814543427082441e-01
2.809794471748796596e-01
2.377265238663293090e-01
1.807239928151016528e-01
1.680607241600444723e-01
2.810289363298172916e-01
2.767925667658497346e-01
1.852105617000425752e-01
2.086506287497398304e-01
1.925551604641251302e-01
2.257931008585023491e-01
1.815678443785788687e-01
1.626415371395282250e-01
2.148082617775397551e-01
2.874928976041948303e-01
1.884896846512909008e-01
2.047111474665301856e-01
1.545285300993093358e-01
2.678066580689888454e-01
1.708072482313571783e-01
2.826588561876697270e-01
1.666014739625110153e-01
1.352347954822681331e-01
1.201027054014005557e-01
2.463906104017956622e-01
1.187581950355030003e-01
1.870343973182313491e-01
2.087847313973583141e-01
1.671155440841323170e-01
2.341203088451671022e-01
2.067033596605760692e-01
1.359957174912871380e-01
1.869091616440012871e-01
2.240157385479797369e-01
2.838715750552243122e-01
1.340178171939498952e-01
1.811671447570590843e-01
1.621910819019394268e-01
2.210257826065724629e-01
2.215047340416580468e-01
1.925415096411962068e-01
1.090996365007228519e-01
2.214688864587657235e-01
2.159722228670286626e-01
2.159563338396539578e-01
1.659241374032749405e-01
2.670234700922868853e-01
1.755845684493717584e-01
1.527044657795553206e-01
2.341971228409276407e-01
1.779510479074346563e-01
1.457438099752215166e-01
1.667969268937445904e-01
2.153205755801126386e-01
2.918819362039402066e-01
1.654609358177117073e-01
1.797639816729583728e-01
1.632107548023196131e-01
2.112081029454726533e-01
2.194638191563527130e-01
1.769946854212518517e-01
2.278261753973689352e-01
2.125615901020427856e-01
1.764277802886589086e-01
1.269856280073495824e-01
1.515403956760774662e-01
1.863185901413304535e-01
2.972930367728077172e-01
1.119304672066459005e-01
1.815678443785788687e-01
1.191784790118273207e-01
2.742405410248043296e-01
4.611774934049073238e-03
1.895018090375977238e-01
2.584178064113711315e-01
2.360388347990882707e-01
1.621910819019394268e-01
1.632107548023196131e-01
2.678066580689888454e-01
2.180473914258751478e-02
2.361235017796916580e-01
2.441182095002467634e-01
1.328404745704707679e-01
1.502544188066741171e-01
1.428411224919443612e-01
1.688994170205662115e-01
1.177322451247517776e-01
1.376884954372012970e-01
1.798727544821749902e-01
1.075062761206684314e-01
2.065625255124752258e-01
1.773608841766369792e-01
1.339544282096634120e-01
1.492963243284517461e-01
1.215978609057790649e-01
1.848888166845776837e-01
1.662517087978070407e-01
1.180506689380562690e-01
2.480691917417212622e-01
1.715575090748622245e-01
1.632107548023196131e-01
2.823306465673303123e-01
1.957989390462859802e-01
1.857524422078560278e-01
2.712939726890066794e-01
2.320988820807627917e-01
1.870343973182313491e-01
1.527044657795553206e-01
1.672996649382154644e-01
2.488279301305142965e-01
2.233505066739915890e-01
1.890653881135628822e-01
1.104140140404918924e-01
1.581473824259447269e-01
1.621184900249144079e-01
2.426127322075073423e-01
2.145242920754499849e-01
1.659241374032749405e-01
1.791067418138219125e-01
1.373773609088031478e-01
2.161225085734121976e-01
2.214688864587657235e-01
1.281225663713030372e-01
2.227165116073903661e-01
1.870343973182313491e-01
1.779807562235369289e-01
1.527044657795553206e-01
1.511634564566355365e-01
9.423352641788085293e-02
2.394102340545227747e-01
1.827131698857629161e-01
1.925057665030438514e-01
1.372596339533362908e-01
1.329714479205330591e-01
1.615256403843803312e-01
2.224429033273818135e-01
2.323670710400245198e-01
2.049214902976750352e-01
2.295027488362997303e-01
1.228868281460089307e-01
2.061396799318568895e-01
1.287708767826680756e-01
2.205064315202065472e-01
2.321440931710370137e-01
2.241004793262506567e-01
1.585021636340684381e-01
1.708072482313571783e-01
1.659241374032749405e-01
2.323033288306683986e-01
1.654693205721278204e-01
1.297295290984479266e-01
1.833883715697535166e-01
1.457629264931474822e-01
1.898853270486959843e-01
1.611953251471156534e-01
2.891886609671496799e-01
1.745991419562944458e-01
2.035843564327164401e-01
2.159722228670286626e-01
1.613881471273961310e-01
1.254373635506782492e-01
2.072006628143414630e-01
1.525731075876048948e-01
1.659918785729672663e-01
2.027516606963386536e-01
1.836609318269566415e-01
2.703814675903828402e-01
1.781263706093882959e-01
2.113665910850555107e-01
1.768529429094138905e-01
1.554151229103215570e-01
1.361262615286289446e-01
1.521251864374404406e-01
1.676363863109502361e-01
2.086469029541451192e-01
2.371521541968384383e-01
1.694046982661046030e-01
1.361402254654171529e-01
2.394449400053018095e-01
1.709605268339515760e-01
2.356224756084541738e-01
2.810829524054812012e-01
1.303346724619149910e-01
1.755845684493717584e-01
2.508775391139588251e-01
2.257931008585023491e-01
2.678066580689888454e-01
1.820787844263431765e-01
1.314836357978812487e-01
1.605083704210459317e-01
2.972930367728077172e-01
1.632107548023196131e-01
1.726949144867262476e-01
1.300472302498976163e-01
1.694269171837028409e-01
1.093736468743173873e-01
1.335691629088637811e-01
1.557516095317357241e-01
1.659918785729672663e-01
1.854150054419907434e-01
1.365670423413218870e-01
1.821804773076740602e-01
2.460064982207175177e-01
1.647296445834163237e-01
1.439118888542783026e-01
1.275098784065766822e-01
1.862704270397319561e-01
1.440199865107247845e-01
2.257931008585023491e-01
2.619643065254555481e-01
1.706871611332179128e-01
2.820810969475857632e-01
9.098316740826817295e-02
1.325010718685915023e-01
1.133420514449916539e-01
1.211760223226496791e-01
1.746244627315824971e-01
1.555344045649302842e-01
1.624714411396679381e-01
1.637803253603449249e-01
1.693469022489111353e-01
1.716404261551911503e-01
1.551312320223541263e-01
2.823306465673303123e-01
1.666363870832370253e-01
2.098145716013588569e-01
2.381696363083474210e-01
1.527044657795553206e-01
1.327077325275300979e-01
1.780274696303800752e-01
1.688218618802812543e-01
1.767402623557581265e-01
2.247725549456278671e-01
2.700984946970077516e-01
1.770953612056693771e-01
1.520634427906903952e-01
1.500392875264102699e-01
1.755845684493717584e-01
2.787334522637348044e-01
1.790602129454335056e-01
2.356476913442877574e-01
2.049837077237350869e-01
1.768919725319637593e-01
1.335691629088637811e-01
1.414305912741387061e-01
1.887635445799507039e-01
1.500780630857150300e-01
1.265815764550861644e-01
2.259846051247516030e-01
5.820264155808452244e-02
1.623685054561150309e-01
1.721718833915648617e-01
1.784374536055448601e-01
1.845723905020397737e-01
1.540731758650775163e-01
1.599783509951526739e-01
2.484757466062426090e-02
1.841653221432935084e-01
1.341991420031458659e-01
1.799799585412458214e-01
1.378879438836682070e-01
2.021193634999951527e-01
1.834094146511970891e-01
1.666014739625110153e-01
2.678066580689888454e-01
1.654693205721278204e-01
2.401673397434533896e-01
1.611843779662622822e-01
1.595385052631543843e-01
1.575202086075018215e-01
2.286202861613322312e-01
1.849785813992737005e-01
1.700773750805808504e-01
2.259846051247516030e-01
1.813916442632708126e-01
2.623549266298663696e-02
2.305461805794886132e-01
2.793104207573087194e-01
1.746780549622863887e-01
1.301314022825099670e-01
1.515067896641451028e-01
1.494539390876417073e-01
1.478975851857651236e-01
1.330262553865093622e-01
1.815773932048267980e-01
1.813021577818068053e-01
1.278702464397776239e-01
1.262219162053161980e-01
2.640739654188779539e-01
1.545285300993093358e-01
2.541913604982903863e-01
1.543472686705316121e-01
1.635464861089115374e-01
1.916437688335115297e-01
1.659241374032749405e-01
2.194159453244584057e-01
1.118270540282457759e-01
1.597566775724557075e-01
1.836609318269566415e-01
1.717098501880593986e-01
1.817027893858398357e-01
2.160332974257261895e-01
1.521251864374404406e-01
1.304256684696163404e-01
1.755845684493717584e-01
1.256532276648911761e-01
2.292404778189540693e-01
1.534868540052336527e-01
1.625975400119701320e-01
2.412518043271409951e-01
1.606063200540424063e-01
2.629686129557669005e-01
1.668021109410311453e-01
2.286115605622693892e-01
1.487550778917281491e-01
1.339043477685954997e-01
1.836609318269566415e-01
1.676345997151820200e-01
1.161596605299086704e-01
1.767402623557581265e-01
1.258664622575924597e-01
1.252840039599760757e-01
1.930048890758513380e-01
2.184207414326770902e-01
1.707939787552392730e-01
1.256258028200978316e-01
2.037214538115383888e-01
1.632107548023196131e-01
1.000921009636899228e-01
1.659241374032749405e-01
2.746476723498449957e-01
1.822392339402387762e-01
2.251754168753041796e-01
2.356224756084541738e-01
1.397414483980581323e-01
1.674926990539944427e-01
1.740064068071509595e-01
1.967160290875309414e-01
1.771859308380818732e-01
1.100161449433851857e-01
2.795908857637163791e-01
1.767402623557581265e-01
1.335691629088637811e-01
1.595345187902186268e-01
2.189524852517870102e-01
2.059281942333521798e-01
1.191688180104950590e-01
1.557019899618898862e-01
1.380040917339746542e-01
1.784020797284133764e-01
1.916549480372875536e-01
1.502277088031833685e-01
2.887255231416379075e-01
1.777877071621638549e-01
2.268953986222310704e-01
1.623176461437321194e-01
2.323596311140994075e-01
2.021193634999951527e-01
1.476082012847896863e-01
1.501924972510915168e-01
1.689597938885816220e-01
1.000921009636899228e-01
2.863917911395406080e-01
2.098033144120741156e-01
1.133420514449916539e-01
1.457629264931474822e-01
1.610234375491517156e-01
1.665619382447651731e-01
1.487146254249909205e-01
1.484715113387888863e-01
1.980991944866818955e-01
1.439771840805272873e-01
2.763716929852266802e-01
2.118816329924007036e-01
1.413777246768743723e-01
2.434919875238872322e-01
2.263238679477082016e-01
1.787217522930033553e-01
2.178965419304059736e-01
2.670234700922868853e-01
1.681894902921987622e-01
1.607863267217295444e-01
1.846756917793399566e-01
1.798249705533478959e-01
2.029105956016241663e-01
1.814101900595224137e-01
1.898853270486959843e-01
1.791067418138219125e-01
1.755845684493717584e-01
2.389296895381738395e-01
1.760261577464010685e-01
9.666887772803356427e-02
1.696439566808036759e-01
1.453954289807706246e-01
2.838029575875999910e-01
2.145242920754499849e-01
1.239388281768700750e-01
2.773820290949071676e-01
1.613534993710521448e-01
1.856983760923247573e-01
2.364912121030977588e-01
1.856977110278661414e-01
1.750131107428272159e-01
1.664545359882110276e-01
1.605132209158552925e-01
1.090996365007228519e-01
1.297295290984479266e-01
1.694671196773667177e-01
2.292404778189540693e-01
1.634998095390205464e-01
2.030556783141133081e-01
1.785274799050649008e-01
2.263259707351821248e-01
1.367192668797807542e-01
1.431054751699241123e-01
2.331148535897584750e-01
2.035843564327164401e-01
1.521251864374404406e-01
2.678066580689888454e-01
1.712611887304005265e-01
1.318579381011861784e-01
1.717506045175776208e-01
2.391599981608205638e-02
1.664590073239784473e-01
1.190871569372422556e-01
1.085329736087921049e-01
2.637839237183792207e-01
1.539045293725775920e-01
1.563054773502168260e-01
1.857758941092599869e-01
1.453848939883464197e-01
2.320739197498431494e-01
2.027144042253139489e-01
1.414440262171270390e-01
1.650520705195095417e-01
1.079624792689282131e-01
1.557516095317357241e-01
2.808937950841068343e-01
1.133576190467557865e-01
1.904314534721800456e-01
1.278702464397776239e-01
1.611347835919545446e-01
1.173942301225086027e-01
1.360009191229956116e-01
1.369186477333714791e-01
1.823340231805659073e-01
1.932657228761129886e-01
1.647673088242003203e-01
1.036504016262753680e-01
2.249212779803020368e-01
2.292881432840534472e-01
1.332997269326954282e-01
1.798141523578751233e-01
1.644586548212014776e-01
1.303719621842134302e-01
1.949537034352593068e-01
1.521763264930635629e-01
1.666014739625110153e-01
1.865953440740328872e-01
1.345729161130444496e-01
1.852105617000425752e-01
1.650551846971932690e-01
1.801179336188800661e-01
1.498636273557636400e-01
2.474640483782524214e-01
2.153219685216862800e-01
2.816219104419426245e-01
1.879959430210380589e-01
2.403162932624258730e-01
2.280151427978642786e-01
1.579007854104848008e-01
1.843734380358057479e-01
2.509257910139401915e-01
1.552471945446098900e-01
1.406132508348685306e-01
1.708072482313571783e-01
1.527044657795553206e-01
2.603884027432670223e-01
1.815773932048267980e-01
1.705218750677488515e-01
3.595220319167147238e-03
2.347512145950672036e-01
1.708072482313571783e-01
1.293839073103288939e-01
1.889664732546654236e-01
1.620759810175345095e-01
1.610180222991717258e-01
2.027458206629697557e-01
2.278895057184024964e-01
1.013055935967805965e-01
1.649851746372910100e-01
9.098316740826817295e-02
2.208345933813493644e-01
1.659241374032749405e-01
1.851707507457929225e-01
1.181855583740452076e-01
1.881475018011791178e-01
2.257931008585023491e-01
1.632107548023196131e-01
1.521251864374404406e-01
1.594803255713284074e-01
4.028835626305848905e-03
2.502427729415463986e-01
1.642554818710308950e-01
2.408848660998570423e-01
1.729924018738708824e-01
1.520752655967809730e-01
2.445885916360683865e-01
1.659241374032749405e-01
1.625378104207531038e-01
2.187561159356983254e-01
1.239388281768700750e-01
1.152112170233552391e-01
1.226557506662571129e-01
2.144377316098839970e-01
1.174712932603476645e-01
1.863185901413304535e-01
1.812588627358042714e-01
2.645571339909480457e-02
1.254913205511076768e-01
1.462417184376612056e-01
1.700219182677704666e-01
1.783256604289178426e-01
1.173942301225086027e-01
1.774584910952849981e-01
1.251888361181228149e-01
1.955060978911005165e-01
1.297295290984479266e-01
1.433041821716543041e-01
2.742405410248043296e-01
1.278345090263810491e-01
1.451022315376890859e-01
1.926423462037289980e-01
1.343852716557911720e-01
8.465078667349779096e-02
1.527044657795553206e-01
1.873749201924779229e-01
2.754857933082979216e-01
2.384738360497156151e-01
1.297295290984479266e-01
1.419195547217499964e-01
1.478405222454233225e-01
2.353330647100380091e-01
2.342231243174364153e-01
1.132341367200373483e-01
1.732275462197536697e-01
1.632107548023196131e-01
1.322079665063631282e-01
1.835173227478890112e-01
2.249538430893442964e-01
1.284727224730533024e-01
1.958314926158610803e-01
1.718335991354305037e-01
2.202542070694795129e-01
1.303246023476383186e-01
2.165481500982169294e-01
1.233755732233881020e-01
1.885898370037955019e-01
2.304605352619200076e-01
1.722842842747605019e-01
1.232593233620349338e-01
1.596625648035328027e-01
1.235549740780790273e-01
1.453954289807706246e-01
1.481887328193920439e-01
2.546240460474260558e-01
1.485782576438960945e-01
2.582828659475646660e-01
2.961657758880331670e-01
1.906850792147185558e-01
1.721497521560513277e-01
2.112081029454726533e-01
1.946729534560009967e-01
8.098914999621342758e-04
1.541792834810236101e-01
1.676345997151820200e-01
1.258504955005266268e-01
1.018864323032362407e-01
1.884805385152974466e-01
1.367192668797807542e-01
2.262496453135316443e-01
2.835079937653262050e-02
1.234372344568832602e-01
1.687309374350132174e-01
1.681203637436077258e-01
2.165994797746737532e-01
1.740064068071509595e-01
1.760261577464010685e-01
1.780811128385373365e-01
1.611843779662622822e-01
1.273413867125308130e-01
1.310895078022920046e-01
1.632107548023196131e-01
1.452649911897090362e-01
1.777877071621638549e-01
2.062969923443818132e-01
1.796028614927696054e-01
1.533809036685873650e-01
1.548830325040446709e-01
1.304121089711713921e-01
2.130457286998534983e-01
2.555567006821668485e-01
1.635464861089115374e-01
1.598422641559089641e-01
2.816874579282577784e-01
1.373773609088031478e-01
2.916170125538730673e-01
1.435185874913891269e-01
2.147853483660560059e-01
2.777634857268971302e-01
2.321440931710370137e-01
1.659241374032749405e-01
1.511634564566355365e-01
2.426127322075073423e-01
1.611843779662622822e-01
1.621910819019394268e-01
1.632107548023196131e-01
1.812588627358042714e-01
1.405534801191112848e-01
1.668165207917882142e-01
2.469139323907976191e-01
1.932323322658611175e-01
1.496730800211478751e-01
9.894805638442605300e-02
2.773820290949071676e-01
2.528666335015774536e-01
2.410449940597052532e-01
2.371521541968384383e-01
2.014754106014926549e-01
2.363214521753800312e-01
2.305655900604541841e-01
2.694384810496268656e-01
2.840086611339325273e-01
1.376863730764137372e-01
1.945827694469928204e-01
1.888102583361597198e-01
1.693469022489111353e-01
1.880648555503885433e-01
1.397551267363086325e-01
1.513015808455193678e-01
1.727148504474822488e-01
2.074927603509522100e-01
2.815036806916202394e-01
2.670234700922868853e-01
2.875120875282188848e-01
1.771738504534710046e-01
1.722326624982315479e-01
1.591922109766423787e-01
2.339856634436561222e-01
2.750212125530335783e-01
1.639903309207655369e-01
1.755845684493717584e-01
1.545285300993093358e-01
1.722405906244510732e-01
1.817551879845309415e-01
2.618822248171008837e-01
1.459334690145848157e-01
1.624237434592066265e-01
1.569106207136838904e-01
2.256312438201435455e-01
1.875140099457421883e-01
1.169505543649727031e-01
1.625397821732352810e-01
2.252442388188358180e-01
1.682733331763621720e-01
1.173129554738547853e-01
1.660744639355948848e-01
2.286115605622693892e-01
1.679734257693068500e-01
1.285350362785893097e-01
1.668275903764557810e-01
2.275979896126738566e-01
1.306105456127433229e-01
1.808782830326229885e-01
9.299110436551139003e-02
1.335691629088637811e-01
1.957448149363889556e-01
2.649346051329866114e-01
1.170643427104307577e-01
2.460064982207175177e-01
1.887082164625493164e-01
1.862704270397319561e-01
2.145242920754499849e-01
1.891694263355239158e-01
2.823306465673303123e-01
1.715575090748622245e-01
1.304585151300683421e-01
2.640739654188779539e-01
1.361402254654171529e-01
2.422407518798017634e-01
1.805350660154214637e-01
2.067033596605760692e-01
1.505470756753197747e-01
1.248989226808445707e-01
1.718063580446314020e-01
1.784020797284133764e-01
1.598346095899554342e-01
1.287504289915526456e-01
2.785258585187824210e-01
1.466910993163024202e-01
1.414440262171270390e-01
2.074927603509522100e-01
1.338143025399896047e-01
2.240157385479797369e-01
1.824204379591796155e-01
1.418260413614396143e-01
1.342505976258694389e-01
1.722326624982315479e-01
1.724520763229557829e-01
1.611843779662622822e-01
6.298128069895803094e-02
1.632107548023196131e-01
1.767402623557581265e-01
1.589639952804740020e-01
1.525831777018815671e-01
1.474246806433914259e-01
1.379281707644732791e-01
1.249961879766976480e-01
1.282516626903706936e-01
2.209297021443275000e-01
1.565529499399236357e-01
1.659241374032749405e-01
1.939396644038824391e-01
1.103247222789009996e-01
2.391599981608205638e-02
2.682364882146082152e-01
2.249212779803020368e-01
1.659241374032749405e-01
1.659241374032749405e-01
1.284555775563775981e-01
1.659241374032749405e-01
1.659241374032749405e-01
2.628248184127546239e-01
2.635755998235032038e-01
1.465706053484385762e-01
1.386558831774156175e-01
1.164053920342977833e-01
1.103951768371862485e-01
1.674216641552561669e-01
1.376403047771370680e-01
1.241254684179429191e-01
1.705567881884739734e-01
1.851690980652938023e-01
1.206770658807583274e-01
1.659241374032749405e-01
1.198339987359027248e-01
2.972930367728077172e-01
1.148128117614053423e-01
2.341474866820991707e-01
1.480541158764285825e-01
2.603962769507148778e-01
1.905852832244327999e-01
1.659918785729672663e-01
5.973025261894981952e-02
1.625975400119701320e-01
1.777954133590666785e-01
2.052609298716472352e-01
1.999405775013896047e-01
1.297295290984479266e-01
1.297295290984479266e-01
2.497383042000054232e-01
1.367549819769822150e-01
2.037214538115383888e-01
1.221959556618568143e-01
1.344956559431134124e-01
1.875690517600911988e-01
1.119513185331069138e-01
1.671305435334273781e-01
1.274707556671321740e-01
1.328551264373354357e-01
1.342280915465918767e-01
1.638339061668041552e-01
1.782191565761301888e-01
7.068696919984773785e-02
1.867239511098892635e-01
2.661027565459006539e-01
1.657807751571196420e-01
1.635814276237583798e-01
1.320179724217238615e-01
1.626097922331375401e-01
1.789717118814193597e-01
1.703320123322420443e-01
2.259846051247516030e-01
1.499287022087596455e-01
2.820537128242017744e-01
2.764634139440751426e-01
2.773820290949071676e-01
1.340329593221856186e-01
1.845368008689520778e-01
2.195838136218606351e-01
1.297295290984479266e-01
2.019930834496195260e-01
1.527044657795553206e-01
1.852105617000425752e-01
1.274707556671321740e-01
1.159165432098268056e-01
1.308948291323952517e-01
1.659918785729672663e-01
6.613798843003149130e-02
1.013055935967805965e-01
1.528645001000912274e-01
1.447591598683004577e-01
1.829129947713301618e-01
1.752416015554016937e-01
2.214688864587657235e-01
1.926423462037289980e-01
1.611843779662622822e-01
1.465764587874742730e-01
1.393971118480532567e-01
2.346007696880514359e-01
1.317604515365351503e-01
1.946148703404162461e-01
1.323007704945338148e-01
1.654693205721278204e-01
1.863185901413304535e-01
1.910582693779083741e-01
1.577278196836600088e-01
1.762583292804640323e-01
1.637803253603449249e-01
2.074927603509522100e-01
1.873018996875090991e-01
1.672996649382154644e-01
2.321440931710370137e-01
1.624393868020099774e-01
1.671459897203693146e-01
2.434919875238872322e-01
1.707639902383295549e-01
1.445493171553637879e-01
2.060490864662796184e-01
1.815678443785788687e-01
1.293891362208752227e-01
2.145242920754499849e-01
1.710902969738343771e-01
1.373773609088031478e-01
1.662084878729652715e-01
1.175081167526315085e-01
2.807547427851417865e-01
2.061396799318568895e-01
2.227365466583313136e-01
1.810007694605495487e-01
1.304121089711713921e-01
1.116743678677316609e-01
2.159722228670286626e-01
1.720865124242365596e-01
1.447615813644231864e-01
1.737537709640069039e-01
1.491270910658872850e-01
2.108362341700447118e-01
1.737634680462250003e-01
2.261079856925372056e-01
2.247742401573420423e-01
1.650711713316628249e-01
1.458850669494520247e-01
1.286186797154922345e-01
1.856983760923247573e-01
1.777877071621638549e-01
1.167618483552930186e-01
1.473767568413029139e-01
1.499431430422353273e-01
1.257939794815898793e-01
7.196638619106909829e-02
2.420378671843250729e-01
1.297295290984479266e-01
8.220928982035324850e-02
1.274707556671321740e-01
1.722326624982315479e-01
1.383728651429070311e-01
1.824289488156223271e-01
2.087491408659856162e-01
1.297295290984479266e-01
2.141496016809485425e-01
1.792229324981304828e-01
1.798249705533478959e-01
1.728048911677433352e-01
2.238042528494750272e-01
2.627466112207379467e-01
1.632107548023196131e-01
1.357553778989979421e-01
1.841499516099780465e-01
1.176170549306680968e-01
6.781317841015255254e-02
1.817551879845309415e-01
1.197756960206408650e-01
1.724520763229557829e-01
1.511984374376815765e-01
1.641309006989137842e-01
1.634998095390205464e-01
1.661529602831146590e-01
1.834094146511970891e-01
2.678066580689888454e-01
2.972930367728077172e-01
1.515237992455951144e-01
1.821297520826767879e-01
2.112081029454726533e-01
1.641312095134166427e-01
2.035004504068131936e-01
1.244865264160379681e-01
2.678066580689888454e-01
2.191282214791945293e-01
1.272861125706032936e-01
2.067741008967418637e-01
2.096836220453353050e-01
2.210257826065724629e-01
1.284835934128425450e-01
2.165994797746737532e-01
1.557019899618898862e-01
2.168039235166219214e-01
1.444284707065968121e-01
1.386439307583735570e-01
1.140840719505940015e-01
1.024262512087945609e-01
1.572651546002994394e-01
2.281527214231955369e-01
1.659241374032749405e-01
1.338515135059008543e-01
1.771859308380818732e-01
1.238916080559562261e-01
2.052609298716472352e-01
1.070188532527627245e-01
1.496730800211478751e-01
1.150002550315400995e-01
1.755845684493717584e-01
1.543472686705316121e-01
1.659241374032749405e-01
1.545285300993093358e-01
1.862704270397319561e-01
1.157885048366873448e-01
1.637099716830370255e-01
2.098145716013588569e-01
1.681203637436077258e-01
1.830098056654341221e-01
2.321440931710370137e-01
1.611843779662622822e-01
1.880648555503885433e-01
1.625975400119701320e-01
1.513886848820229503e-01
1.867001362061984082e-01
1.703303580108057602e-01
2.171957169929212839e-01
2.278261753973689352e-01
1.439798004747991911e-01
1.484673421571729435e-01
2.394449400053018095e-01
1.194684645965944370e-01
1.662998457665052499e-01
1.890796519950068699e-01
1.841760076548561997e-01
1.447708014322230952e-01
1.659241374032749405e-01
1.272541733057437341e-01
2.112081029454726533e-01
1.508863285477444194e-01
1.274707556671321740e-01
1.815678443785788687e-01
2.301092560794746333e-01
1.667275728348132091e-01
1.632107548023196131e-01
1.851926045510445817e-01
1.475839130479199568e-01
1.417668116945032253e-01
2.875120875282188848e-01
2.059281942333521798e-01
1.034146455621964833e-01
1.632107548023196131e-01
1.176170549306680968e-01
1.709605268339515760e-01
1.485782576438960945e-01
1.258504955005266268e-01
1.271867198185532288e-01
1.303197905071007412e-01
2.115494685559031751e-01
2.682441141512015292e-02
1.981551770162628401e-01
1.744129400204270652e-01
1.929278964992455769e-01
2.335919794774605762e-01
1.846756917793399566e-01
1.815678443785788687e-01
1.783683432733296215e-01
1.187199527084592532e-01
1.632107548023196131e-01
2.165481500982169294e-01
1.247014594154265410e-01
1.520146320870923162e-01
1.935088402230231708e-01
1.560641210634203802e-01
1.645059027691395670e-01
1.453277826118597460e-01
1.298200913562617131e-01
1.711491956385060575e-01
1.770139717490035736e-01
2.414065137702037234e-01
1.070140838276962825e-01
1.425010967296280739e-01
2.274508996088231427e-01
1.782191565761301888e-01
2.205754107790669494e-01
1.297295290984479266e-01
1.815773932048267980e-01
1.554151229103215570e-01
2.241004793262506567e-01
1.647296445834163237e-01
1.626913352303240856e-01
1.502544188066741171e-01
1.339679913599676198e-01
1.659241374032749405e-01
1.643780513343697791e-01
1.632107548023196131e-01
2.321440931710370137e-01
1.301303424881785631e-01
1.457438099752215166e-01
1.247014594154265410e-01
1.583133042605338048e-01
2.077653206081544468e-01
2.089871158183038702e-01
1.647106749742075493e-01
1.770139717490035736e-01
1.485922211451837782e-01
1.589752224522333890e-01
1.811024623418813206e-01
1.764835445859320728e-01
1.486106985448305551e-01
2.040590337224861273e-01
2.182559790247555753e-01
1.659241374032749405e-01
1.352347954822681331e-01
1.582497192814473763e-01
1.317251183966403616e-01
2.179881094238149686e-01
1.582069674445474305e-01
2.148863079699188106e-01
1.254898501662653487e-01
1.180506689380562690e-01
1.395008360570750838e-01
1.373773609088031478e-01
1.303246023476383186e-01
1.170941616991036938e-01
1.625975400119701320e-01
1.162688783651963931e-01
1.815678443785788687e-01
1.876976006839994326e-01
2.194159453244584057e-01
2.580764408009406097e-01
5.664171905950521335e-02
2.635167547685988154e-01
1.508666348449851924e-01
2.200447453339142712e-01
2.098145716013588569e-01
1.624714411396679381e-01
2.249538430893442964e-01
1.626015893227297227e-01
2.079479451726022887e-01
1.431054751699241123e-01
1.297295290984479266e-01
1.632107548023196131e-01
2.376994055618810719e-01
1.371676651838633632e-01
2.233419777168883513e-01
2.606578574710542995e-01
1.530871395166339965e-01
1.372596339533362908e-01
1.301314022825099670e-01
1.181550640516739747e-01
5.122315862759574401e-02
2.301765096673920041e-01
1.507835415185558858e-01
2.171983415363545333e-01
1.700689611899219855e-01
1.654693205721278204e-01
1.797639816729583728e-01
2.343090498115234510e-01
1.859873798077655849e-01
1.273413867125308130e-01
2.192688291150313162e-01
2.363214521753800312e-01
1.860275297487481438e-01
2.678066580689888454e-01
1.560822332714026928e-01
1.715575090748622245e-01
2.209561008064842014e-01
2.901192089522490747e-01
1.543472686705316121e-01
1.664156468228483732e-01
1.964577122109956164e-01
2.310786526184891443e-01
1.614097554855806749e-01
1.629784432078826839e-01
2.641104697442067106e-01
2.746749155663978925e-01
1.718341634198976564e-01
2.746476723498449957e-01
1.294768293233445888e-01
2.339856634436561222e-01
1.459330125405697842e-01
1.500392875264102699e-01
2.197275525151782816e-01
1.611843779662622822e-01
2.273523308766023376e-01
2.816219104419426245e-01
1.498193714430646750e-01
2.700984946970077516e-01
1.907897269663809681e-01
1.797138970589351459e-01
1.652416177294631083e-01
1.710527250319371362e-01
1.791067418138219125e-01
1.681203637436077258e-01
2.665104162969278434e-01
2.368335034224449132e-01
1.829129947713301618e-01
1.771466807937907006e-01
1.625975400119701320e-01
2.159722228670286626e-01
1.795962543518774268e-01
2.426127322075073423e-01
2.678066580689888454e-01
1.133420514449916539e-01
1.905590878797873700e-01
1.291401796420563741e-01
2.557083786916152235e-01
1.521251864374404406e-01
2.360650641226511581e-01
1.795962543518774268e-01
1.332997269326954282e-01
2.278261753973689352e-01
2.177060301266902087e-01
1.623713469229342010e-01
1.865178384233487918e-01
1.315661200309943268e-01
1.855098103529826403e-01
2.268953986222310704e-01
1.696804571975416565e-01
2.816219104419426245e-01
1.584414345714248995e-01
2.823306465673303123e-01
2.238042528494750272e-01
2.840086611339325273e-01
1.251888361181228149e-01
1.416980248675114851e-01
1.700689611899219855e-01
1.381615847356814086e-01
2.328178540021283993e-01
1.324469954048863585e-01
1.534028142368422110e-01
1.355877524776536447e-01
1.363248399069778571e-01
2.073018391751269007e-01
1.621910819019394268e-01
1.328673549754553207e-01
1.414644928831068071e-01
1.110209351426325597e-01
2.252320274501871111e-01
1.731124850204643906e-01
2.807547427851417865e-01
2.360650641226511581e-01
1.702202468717421979e-01
1.663918422449066625e-01
1.632107548023196131e-01
1.767402623557581265e-01
1.666014739625110153e-01
2.538139516539672513e-01
1.852299418423735133e-01
2.183550826974016701e-01
2.268953986222310704e-01
2.829854022134954405e-01
1.632107548023196131e-01
1.759286121879943821e-01
2.780393177262636684e-01
1.710798084885594150e-01
2.678066580689888454e-01
2.271328400278145310e-01
2.472792496927889161e-01
1.666014739625110153e-01
1.256258028200978316e-01
1.894182142712184103e-01
1.274707556671321740e-01
1.321342942822543165e-01
1.662665002819680993e-01
2.351946611415645094e-01
1.653347879468833881e-01
2.140383754178269982e-01
2.671867380374148837e-01
1.242955159829026712e-01
1.401316609639993160e-01
2.832168665589298584e-01
1.626167234267441586e-01
2.166941444306917930e-01
1.803978244103534578e-01
5.408985292736279149e-02
2.356476913442877574e-01
1.545285300993093358e-01
2.848158873573529704e-01
2.112081029454726533e-01
1.659241374032749405e-01
1.600947133593164651e-01
1.361856272605272977e-01
1.409160016291499673e-01
1.624714411396679381e-01
1.863185901413304535e-01
1.641312095134166427e-01
1.836609318269566415e-01
1.348186167137921387e-01
1.897204828445238078e-01
2.147853483660560059e-01
1.254844868341660202e-01
1.815678443785788687e-01
2.131249407844313382e-01
1.621910819019394268e-01
2.785023802559765116e-01
2.197193371487768943e-01
1.315661200309943268e-01
2.887779411069448798e-01
2.490842207413219711e-01
1.918021959785454200e-01
2.330026300210690238e-01
1.305102284601789009e-01
1.856983760923247573e-01
2.394102340545227747e-01
5.661163717979711407e-02
1.310827081578080922e-01
1.522058614469701254e-01
2.077653206081544468e-01
1.042645221752174223e-01
2.434919875238872322e-01
1.546239749960962584e-01
1.457526789159109271e-01
2.905670934142570161e-01
2.763448113731259426e-01
2.169878025668978694e-01
1.875498150330576763e-01
1.527044657795553206e-01
2.347487212947223512e-01
1.527044657795553206e-01
1.630765845031358907e-01
1.621999696471219110e-01
1.581844191620280782e-01
1.660744639355948848e-01
1.297295290984479266e-01
1.659881710670498833e-01
2.076178595523572312e-01
1.630765845031358907e-01
1.894510822677464290e-01
2.678066580689888454e-01
1.626882370863835803e-01
2.103483395932626010e-01
2.790173796466461908e-01
1.174712932603476645e-01
1.892753460403380217e-01
1.504127560098602601e-01
1.883000758765627225e-01
2.021193634999951527e-01
1.688000378226961473e-01
1.432378704178756124e-01
2.956630727540705550e-01
1.865300758398351633e-01
2.257873701809440803e-01
1.466574103649609384e-01
1.659241374032749405e-01
1.321332982788074872e-01
1.546239749960962584e-01
1.601827240340147895e-01
1.886340780340054479e-01
1.952253742014402604e-01
1.602267183837975395e-01
2.790173796466461908e-01
1.286876357683519601e-01
1.171533968115419100e-01
1.653177113540635901e-01
2.278261753973689352e-01
1.774584910952849981e-01
2.823802588500283761e-01
1.746244627315824971e-01
1.180506689380562690e-01
2.259846051247516030e-01
2.124118660469997977e-01
2.753658898285777923e-01
2.259846051247516030e-01
1.325087967686169321e-01
1.822424350404769910e-01
1.885898370037955019e-01
4.684292635487707912e-02
2.313706251641711731e-01
1.550534918494026471e-01
2.204147469594177622e-01
2.265978514192337201e-01
1.672252964671470110e-01
2.278870549327649542e-01
1.522620922910276064e-01
1.546507025209571395e-01
1.551008425425042248e-01
2.460064982207175177e-01
1.905896505511339711e-01
2.152138378143568787e-01
