2.410679850352739351e-01
2.180502857783919168e-01
1.546080474105933078e-01
2.048645718124211257e-01
2.281442861097984220e-01
2.828005724828690504e-01
2.527699565341468002e-01
2.441672394581866357e-01
2.536668263139469914e-01
2.736010148444965040e-01
2.743762566339755793e-01
2.789643357749094221e-01
2.336053307564744941e-01
1.569056636642818248e-01
1.734671602176156568e-01
2.602245148153912169e-01
2.698909179368973454e-01
1.464283137571422699e-01
2.117481411051738149e-01
2.204869483418825382e-01
1.346400777465053267e-01
2.578905676013922843e-01
2.767406472313558297e-01
2.474711609645767751e-01
1.728645560177115570e-01
1.785116466702669769e-01
2.489048238843194483e-01
2.496242042757161883e-01
1.777204365566618094e-01
2.360927155010799083e-01
2.648578142172839378e-01
2.645350072134524666e-01
1.952166357070703739e-01
2.167920321614369428e-01
2.016844170269456171e-01
2.551350167349433207e-01
2.744134547547822933e-01
2.635772715196385008e-01
2.431755351215905137e-01
2.573140464256944426e-01
2.717460993110814016e-01
2.326193236780698115e-01
1.709705860667156685e-01
2.677298929235423230e-01
2.508404765753144972e-01
2.547901484534316197e-01
2.454607174605740738e-01
2.605834295619322560e-01
2.815062701850523652e-01
2.409019574468471703e-01
2.633282810430079834e-01
1.950133720020303940e-01
2.733124308953218673e-01
2.089928898769599641e-01
2.418136562884791729e-01
2.388447531948685310e-01
2.594789946424569393e-01
2.049062984628475803e-01
2.220772635952830143e-01
2.470563828472052137e-01
2.573140464256944426e-01
2.614120052149493389e-01
2.250440257140686739e-01
2.694359068467795382e-01
1.384480601253095244e-01
2.487808049056994264e-01
2.684653793996796267e-01
2.242358092390128732e-01
2.555120367975360907e-01
2.199990471990487251e-01
9.414771245304809355e-02
2.189235518168688444e-01
1.663448701218985804e-01
2.316387663284968923e-01
2.707046810444317941e-01
2.320790635623746212e-01
2.494754389463516020e-01
8.990079371208370418e-02
1.998662665404662420e-01
2.650731896909830354e-01
2.149230827045576220e-01
2.763115027190883310e-01
2.414643910397868964e-01
1.283144429840907819e-01
2.504949821125714848e-01
2.510220700721168541e-01
2.702403373308426282e-01
2.609894569479935811e-01
1.591416103372962354e-01
2.544542312921080907e-01
2.547901484534316197e-01
2.389142517614590844e-01
1.574255199334437805e-01
2.018277255463880593e-01
2.638862773864127931e-01
1.621228097883324892e-01
2.120845685573851114e-01
1.538308756716793013e-01
2.183218332884866442e-01
1.728645560177115570e-01
1.953785381049417680e-01
2.670557061580938196e-01
2.545530424747779463e-01
2.785551843841274078e-01
1.427824919344677923e-01
2.045178840213477400e-01
2.725283875595758687e-01
2.016987569266310842e-01
2.243584080805565151e-01
2.565092707414740048e-01
2.045231138007741478e-01
2.589318381222378562e-01
2.588566335157116427e-01
1.222116895880986931e-01
1.503379155517681198e-01
1.510172906360214284e-01
2.571754105315520178e-01
1.395264269104616872e-01
1.378035826277521636e-01
1.510172906360214284e-01
2.403810628015987660e-01
2.020830758105942593e-01
2.475614698222967647e-01
1.982235462933488179e-01
2.336053307564744941e-01
2.405035519110363396e-01
2.421268727035084112e-01
2.291583941906409905e-01
2.525980799987479486e-01
1.969001386005544418e-01
2.633360192510796338e-01
2.287611832291167602e-01
1.061552115680530761e-01
2.665068375014953972e-01
2.070411309976547543e-01
1.921272818442441022e-01
2.602911639040881298e-01
2.061597406384434450e-01
2.696948286079132728e-01
1.989819388804168199e-01
2.654023336491011520e-01
2.620879509579339128e-01
2.606897891373707310e-01
2.664378697749807401e-01
9.172091208483390545e-02
1.888470560150903310e-01
1.976375564563008780e-01
2.405123442197956152e-01
2.530853946511353314e-01
2.585339903706405096e-01
2.562637116899217915e-01
2.074502823884358804e-01
2.416859552256234167e-01
2.397583975805961387e-01
2.561665292524715198e-01
2.742163757480220454e-01
2.342829589747603691e-01
2.341411967191264765e-01
1.611830115209622605e-01
2.164827149727939215e-01
2.043224032943360413e-01
2.521459815988427167e-01
2.334052161314144058e-01
2.759249766105611457e-01
2.471455317032713594e-01
1.977779761346338816e-01
1.321838587214596572e-01
2.484447454795963850e-01
1.435035606048788992e-01
2.307707370955958126e-01
2.323258927345817071e-01
2.661311560459491687e-01
2.778831136453270290e-01
1.752260371021261420e-01
2.647375206702431427e-01
1.506905965087961263e-01
1.321284025925955063e-01
2.694633372208459221e-01
2.340144821472565084e-01
2.236778014079883192e-01
1.765113043955404137e-01
2.012687371760417676e-01
2.612645143981913165e-01
1.374596723835397327e-01
2.152694589349559706e-01
2.177715159515534182e-01
1.856414619042983105e-01
2.020830758105942593e-01
2.670304834554260154e-01
2.528237486023821035e-01
2.451069982362215072e-01
2.808106862684098814e-01
2.299330554173888430e-01
2.536267575919266548e-01
2.678831031224033765e-01
1.749127017836009657e-01
2.418913826188182625e-01
2.507111992381547694e-01
2.467540466129545251e-01
2.818867572215051354e-01
2.174891739598452389e-01
2.733124308953218673e-01
2.734452031308753917e-01
2.360842459709893149e-01
2.487519734484413547e-01
2.723603929711782001e-01
2.254040436495765576e-01
1.247521743278321438e-01
2.481067175829778648e-01
1.873060415024996317e-01
2.007925340606000475e-01
2.065177961326254419e-01
2.643796373651721154e-01
2.022569344929783242e-01
1.861277171169906097e-01
2.499892075727601082e-01
2.689922252810816872e-01
2.037349063537368110e-01
2.409036534240271976e-01
1.560738980393461262e-01
2.428768221603423427e-01
2.510536863112786676e-01
2.739568182459350965e-01
2.762569227127951166e-01
2.903032067950679362e-01
1.416775924320363700e-01
2.036024436434864526e-01
2.737071316650974140e-01
2.484447454795963850e-01
1.537804264970166201e-01
2.476356244030517573e-01
2.510835426757038746e-01
2.240786152043403590e-01
2.650593902120679246e-01
2.654209078860176874e-01
1.388355674061445555e-01
2.384378291406985539e-01
2.750904183329749841e-01
2.128671217124429305e-01
2.254040436495765576e-01
2.499892075727601082e-01
1.880504353627738823e-01
2.220297470630621106e-01
2.667987388373891378e-01
1.632629944833645652e-01
2.628807146783760373e-01
2.754818430004304375e-01
1.249989867244982733e-01
1.965179339619727017e-01
2.587674426013171214e-01
2.109739580195171271e-01
2.075545186482390392e-01
2.468605055524601966e-01
2.533648496494826929e-01
2.614165299901722861e-01
2.565664532459823732e-01
2.306587939683009125e-01
1.554164456324444998e-01
1.984564793335774624e-01
2.619351755305014962e-01
1.775200974386361708e-01
2.349090693528435025e-01
2.392142071139113924e-01
2.591916530227873494e-01
2.663411873137215835e-01
2.235672021258743314e-01
1.242207690774463913e-01
2.381836406510746684e-01
2.378639170256864332e-01
2.793775318016713527e-01
2.551592326843232783e-01
1.680781469635146408e-01
1.354988717791059116e-01
1.551203473079967310e-01
2.372694698957396042e-01
2.676200526194723039e-01
2.230205748869975579e-01
1.497743735365633100e-01
2.461515573464518880e-01
2.757401686457834344e-01
1.682029095729777879e-01
9.154060626256388389e-02
2.532105149332002370e-01
2.418730047892507784e-01
1.632463810896087608e-01
1.372615197756861249e-01
2.639078676181343397e-01
1.867418528061861593e-01
2.757127794597202808e-01
2.176201602396199419e-01
2.128671217124429305e-01
2.532907546522684683e-01
2.758086339260419351e-01
2.070411309976547543e-01
1.708219484129678278e-01
2.665310795160804602e-01
1.226370452633966934e-01
1.906773104174801503e-01
2.168526521894005299e-01
7.890788543944982081e-02
7.539877802345174018e-02
1.763067149216590579e-01
2.189912015027131176e-01
2.172714311191281666e-01
2.724222796593256390e-01
2.548822524957055080e-01
2.009872216502373021e-01
2.099278696304676117e-01
2.486239297046592966e-01
2.329499326506603296e-01
2.750251151485132439e-01
2.414643910397868964e-01
2.615759012969629538e-01
2.020830758105942593e-01
2.555120367975360907e-01
2.452186968091680797e-01
2.656846582437815130e-01
2.216612188672781869e-01
1.763491652814082045e-01
1.376753649580164662e-01
2.419871998737770369e-01
2.319395589765935739e-01
2.206397400839286149e-01
2.047823376237527526e-01
1.565921884098440131e-01
2.628376286573930187e-01
2.545530424747779463e-01
2.212540641453371038e-01
1.228236318630608892e-01
2.235394338409228965e-01
1.488022544014846460e-01
2.644249784637482392e-01
2.621252628439858512e-01
2.642314644974188553e-01
2.281442861097984220e-01
1.833991299488690885e-01
2.237244825628712519e-01
2.152597606114472484e-01
2.608875735403488605e-01
2.628563037498281574e-01
2.132869506857533182e-01
2.823914210920852597e-01
2.682498035870475306e-01
9.150064784151012987e-02
2.688700110782766828e-01
2.057169414862203283e-01
2.406193388660389232e-01
2.310555482987908249e-01
2.162448935997502986e-01
1.479778100626285564e-01
1.421714618408573827e-01
2.048645718124211257e-01
2.700830901961044361e-01
2.292824131692601242e-01
1.509746988464044648e-01
1.700287995357276927e-01
2.552609683147020192e-01
2.497350190831371108e-01
2.021079083174139868e-01
2.536668263139469914e-01
2.491966335316400105e-01
1.622386173865546510e-01
2.555022715012880141e-01
1.238664235450519513e-01
2.489441665203040444e-01
2.422863893298288218e-01
1.585404455345624797e-01
1.933118841888914474e-01
1.382044645316460318e-01
2.544542312921080907e-01
1.401408556267531580e-01
2.641936682866923292e-01
2.544202548418992293e-01
2.682462976790960241e-01
2.200759425983633832e-01
2.242523332499786193e-01
2.074930614197141310e-01
2.180502857783919168e-01
2.701732244874603950e-01
2.735820848606538291e-01
1.609403984898403195e-01
2.377832017310090862e-01
2.167920321614369428e-01
2.650731896909830354e-01
1.962601534416110738e-01
1.444280315355026545e-01
2.670274408787598475e-01
2.431338304935559691e-01
2.529704240746131205e-01
2.850347471439871327e-01
2.167964836244857807e-01
2.188449378991279559e-01
2.648396571640301289e-01
1.665668904375499082e-01
2.481067175829778648e-01
1.600799582507717034e-01
2.574257354203899339e-01
2.295841381918926061e-01
2.733300326937992963e-01
2.646640383001992447e-01
1.386210121466708856e-01
2.350339112352166637e-01
2.070411309976547543e-01
2.303578461937565436e-01
2.048645718124211257e-01
2.399851714232923428e-01
1.534196397531939482e-01
1.983204143909915729e-01
1.327093182682990147e-01
1.728033937098123474e-01
2.724302739242965288e-01
2.286939597132269242e-01
1.959186347352916968e-01
2.699484682532471425e-01
2.544386144956103379e-01
1.382044645316460318e-01
2.716309288740061945e-01
2.417295746849363880e-01
2.730580928368366855e-01
2.639078676181343397e-01
2.272617043336069287e-01
2.536668263139469914e-01
2.316387663284968923e-01
1.642599057541751506e-01
2.729489907702342677e-01
2.764174661302174485e-01
1.652951856731261771e-01
2.179608654203901708e-01
2.332693278168154194e-01
1.608970655037049724e-01
2.068361143377712708e-01
1.459083244917529498e-01
2.020830758105942593e-01
2.283758524994450312e-01
2.034853113321037910e-01
2.654209078860176874e-01
2.634653584121613434e-01
2.717542707747480080e-01
2.474332006950179519e-01
1.842730361478617240e-01
2.344016814914287039e-01
2.736393192010746489e-01
1.555294897288312939e-01
2.424919263340719056e-01
2.250056944249507751e-01
2.724854475687799038e-01
2.182343282902854398e-01
2.016844170269456171e-01
2.398135063405941736e-01
2.285374966157993626e-01
2.701597394601789048e-01
2.704535494498454540e-01
2.670304834554260154e-01
2.583291713192803485e-01
2.668984828442058088e-01
2.356378425090284168e-01
2.449444960407021199e-01
1.906635619623395783e-01
2.828296910851317847e-01
2.678321673307078044e-01
1.993651732369121632e-01
1.010756556385068450e-01
2.767955129793158164e-01
1.687862578170804539e-01
2.281401958096509475e-01
2.377994610039078083e-01
1.914809914812574121e-01
1.031347522363024183e-01
2.336053307564744941e-01
2.157217588965067989e-01
1.694551065645075738e-01
2.764236275187723635e-01
2.810864730799869093e-01
1.489682406684718075e-01
1.847896490479739029e-01
2.159650507766590621e-01
2.577736610835481557e-01
2.042067135885101692e-01
2.627845454786488233e-01
2.568959954823686331e-01
2.013379214801540584e-01
2.527493917114771449e-01
2.295704412155954444e-01
2.249708306238904498e-01
2.024799920245863305e-01
2.670999637727859977e-01
2.725088516760765245e-01
1.323875019940583542e-01
1.350629014380073656e-01
2.428554091521331060e-01
2.576222915290102833e-01
2.520352869922017902e-01
1.611830115209622605e-01
2.763334345528107860e-01
2.304465824361505710e-01
7.890788543944982081e-02
2.027777735622482425e-01
2.265973293686780465e-01
1.549312609598239021e-01
2.802892306433024672e-01
2.542290662249726552e-01
2.695866898086709540e-01
1.190305272345471010e-01
2.194827707118358617e-01
2.647110737287610149e-01
2.666856151739143144e-01
1.356563125842855655e-01
2.285047177222931936e-01
2.682830132129154777e-01
2.689650438511215214e-01
2.400944005202543252e-01
2.481067175829778648e-01
2.602972066529032347e-01
2.432555406165555212e-01
1.611830115209622605e-01
2.335771185939137240e-01
2.484447454795963850e-01
2.477936344611801900e-01
2.413202612250149315e-01
2.003593418951075122e-01
2.605027205801206946e-01
2.603171309142107148e-01
2.227528975791503996e-01
2.557573778616895055e-01
2.356436150500682558e-01
2.723471714827052637e-01
9.150064784151012987e-02
2.060006816089199333e-01
2.484027661524041974e-01
2.388314080280551366e-01
1.835749079122503957e-01
2.178251768995034254e-01
1.444946933542086143e-01
1.225198010001049553e-01
2.573945267873183340e-01
1.999213753004633887e-01
2.436234007168716076e-01
1.957831864127301813e-01
2.693698396664387928e-01
1.505101741435854734e-01
2.669420996063598395e-01
2.629513414685762385e-01
2.312358278480965978e-01
2.249708306238904498e-01
2.394046558695590576e-01
2.683696502669219441e-01
1.833734386995304888e-01
2.284739323805657918e-01
2.620579864435574891e-01
2.702240071955852585e-01
1.884298390405554358e-01
2.071142794487785821e-01
2.409769276075941491e-01
2.605027205801206946e-01
2.396005334141690923e-01
2.216349903805605592e-01
2.387233009782461224e-01
2.597138925901694151e-01
2.588566335157116427e-01
1.845129285061970492e-01
2.515880632469480460e-01
1.534196397531939482e-01
1.520114170914137475e-01
2.291703346198987745e-01
2.726130666367021504e-01
2.260526785901673108e-01
1.821987360525900712e-01
1.330444736146061402e-01
1.845479370387161921e-01
1.723433127365243678e-01
1.570195222226251630e-01
2.655040608081034037e-01
1.799484157375310645e-01
2.662299514293104963e-01
2.406292266891867371e-01
1.761221675522630647e-01
2.574636477012406388e-01
1.535279390270538613e-01
1.928641184049784130e-01
2.745367473948636672e-01
1.995832223229729863e-01
2.774228711639148415e-01
1.990207887300341483e-01
2.536668263139469914e-01
2.400869880250970922e-01
2.291703346198987745e-01
2.091882115230649930e-01
1.889411685813104924e-01
2.509367233734476343e-01
2.677950289366561876e-01
2.470563828472052137e-01
2.579746134810374514e-01
2.565462130987707923e-01
2.497329085155097772e-01
2.770256734677909449e-01
2.542441264605050932e-01
2.306839834133915801e-01
2.589843126448325705e-01
1.942289003532398084e-01
2.318494156780266380e-01
2.537760479690538418e-01
2.190443473985990153e-01
2.705584034726280507e-01
2.681930937339940257e-01
2.597809240854340729e-01
2.577736610835481557e-01
2.301846792105042283e-01
1.611830115209622605e-01
1.924625132477686407e-01
2.647537530312584764e-01
2.228405315115908891e-01
2.510220700721168541e-01
2.559057564146316466e-01
1.441353243776593018e-01
1.982086849227178149e-01
1.703698781148430541e-01
2.326096337481553533e-01
2.580488699261467289e-01
2.613689984833245106e-01
2.397583975805961387e-01
2.702592550872173760e-01
2.004798763110171578e-01
2.744134547547822933e-01
2.617050014229818089e-01
1.513420620796299687e-01
2.651830299950530545e-01
2.589318381222378562e-01
2.743918444118875755e-01
2.590544627797326527e-01
2.020830758105942593e-01
1.641425872929733742e-01
2.484447454795963850e-01
2.549303101399171823e-01
2.578727990920217650e-01
2.358965984423786466e-01
2.223494706884503458e-01
1.483997182578669083e-01
1.297655650337077304e-01
1.758288934834553174e-01
2.064374555541226286e-01
1.933564395707021433e-01
2.041440577445188254e-01
1.228236318630608892e-01
2.195141198202588129e-01
1.873952980011530656e-01
2.049062984628475803e-01
2.591413213260063131e-01
2.329036652998652812e-01
8.365655219007184229e-02
1.735064210097867488e-01
2.751707710179651656e-01
1.038210098526795022e-01
2.545344069250914387e-01
2.534144705050813684e-01
1.657083165884447595e-01
2.148222178668701687e-01
2.808106862684098814e-01
2.559594235341009494e-01
1.253818045066505960e-01
1.582320862809316608e-01
2.733740056478399794e-01
2.628563037498281574e-01
2.213569056764770338e-01
2.284171539258883499e-01
1.042771892064155992e-01
2.124721055789180468e-01
2.159650507766590621e-01
2.388025627667618167e-01
1.511674860427234535e-01
2.399658064405967295e-01
2.420959766431751703e-01
1.418956674545457375e-01
1.205315301858167487e-01
2.656671275680606570e-01
2.298826920812180319e-01
2.668079803832670294e-01
1.903244711605385220e-01
2.264742993554449413e-01
2.322700246559508130e-01
2.119320273327396364e-01
1.377345237579188364e-01
2.660553894910497874e-01
2.578764800186323924e-01
1.959111605957044588e-01
2.046405024930511019e-01
1.388340947104653722e-01
1.261359037555846996e-01
2.512990237317334064e-01
2.722486467619305017e-01
2.407807341867220785e-01
2.479780384154910422e-01
2.733124308953218673e-01
2.744134547547822933e-01
2.554133119973993615e-01
2.728816691616451351e-01
2.747244368257000247e-01
2.142445247271336228e-01
2.284251802894585737e-01
2.138706984503038200e-01
2.007438960794321048e-01
2.431609084509789298e-01
2.303869677135503835e-01
2.695866898086709540e-01
2.743721728861832077e-01
2.292236858825713597e-01
7.586792875400139025e-02
2.531201485005336593e-01
2.131631606804482715e-01
1.803280712024584176e-01
2.709443971046070487e-01
2.041440577445188254e-01
1.784363246968805328e-01
2.465334104281318162e-01
2.006976638789659262e-01
2.290134594188586448e-01
2.627989025414967372e-01
1.652442340771997920e-01
2.694366022174241593e-01
2.724773721840332286e-01
2.761193893650730757e-01
2.025019266708536492e-01
2.708537325980255872e-01
1.955840669982844560e-01
2.378639170256864332e-01
2.071719510136240672e-01
1.481705451036665622e-01
1.892033781321247332e-01
1.941631807255728148e-01
2.097391207552847803e-01
2.192928162017260263e-01
2.491899754795161570e-01
2.232918380929023172e-01
2.605027205801206946e-01
2.588499541795430403e-01
2.670274408787598475e-01
2.819723302698582401e-01
2.301319787056606003e-01
1.497103648522468688e-01
1.585285732036343376e-01
1.740310379533012153e-01
2.657532295319882110e-01
2.361379436734392101e-01
2.683574625295950256e-01
2.682462976790960241e-01
2.664000695368029525e-01
1.727428370868899776e-01
1.957268377838401463e-01
2.057169414862203283e-01
2.059194328524434070e-01
1.060792157722252327e-01
2.230994812928654980e-01
2.674946070113666252e-01
2.679080341038426738e-01
1.517153185664588122e-01
2.411453074784670747e-01
1.970790763188867700e-01
2.406286721931012451e-01
9.022077342183099091e-02
2.647110737287610149e-01
2.506882960532417215e-01
1.982422306684803459e-01
2.451333501104979717e-01
2.391211202995373597e-01
2.301319787056606003e-01
2.645350072134524666e-01
2.736205264297772999e-01
2.400944005202543252e-01
2.581032652226511459e-01
2.616460057978278186e-01
2.598027387886574502e-01
1.795980832050592113e-01
2.437892391309466333e-01
2.399375253192141955e-01
2.090069046091427296e-01
1.252071144726398799e-01
2.464939492542654875e-01
2.130657853933488610e-01
2.726855815942474948e-01
2.627476239707311478e-01
2.495900578094714106e-01
2.683696502669219441e-01
2.401894826753228074e-01
2.558650533808402017e-01
2.287690249419238597e-01
2.064178243447498673e-01
2.116653733095628098e-01
7.701918587291434193e-02
1.835732480067466810e-01
2.647110737287610149e-01
2.762148417759053842e-01
2.377994610039078083e-01
2.502965827381862240e-01
1.268710207833665393e-01
2.639174695733892406e-01
2.029356377286752888e-01
2.637930288605048190e-01
2.751707710179651656e-01
2.281442861097984220e-01
2.460120124400493324e-01
1.977772976443263886e-01
2.163404593936748554e-01
2.583053351534720932e-01
1.921272818442441022e-01
1.795635814886047399e-01
2.709588477256135164e-01
2.683750199479488785e-01
2.398587690613114276e-01
2.579569603802580602e-01
2.523675637519326997e-01
2.092687096310674733e-01
2.284170818517070600e-01
2.414643910397868964e-01
2.682195626756742612e-01
2.543157034210539180e-01
2.810333291928186483e-01
2.471514670709193950e-01
2.235501400158357299e-01
2.666539245146584136e-01
2.705151925794933021e-01
2.023522533691082259e-01
2.498863886376749832e-01
2.562920642683454986e-01
2.144740783972798326e-01
2.443337922170512044e-01
1.565921884098440131e-01
1.679596846324686865e-01
2.320596737740103777e-01
1.327398067423271044e-01
2.085280071018651427e-01
2.164887436061153636e-01
2.600600439135227759e-01
2.580963871831887246e-01
2.481700632971923781e-01
1.344634579060581814e-01
1.890958362150989558e-01
2.270221553886511145e-01
2.412678349311674353e-01
2.138958961916355150e-01
3.025149699748395093e-01
2.497350190831371108e-01
2.734662301945158802e-01
1.551008689128803297e-01
2.551350167349433207e-01
2.507526736384013688e-01
2.141976448547540102e-01
2.053809385465621418e-01
2.587881788602643951e-01
2.774967923797637681e-01
1.930181580273302444e-01
1.627122427109792824e-01
2.051884460630954976e-01
1.943171522785602789e-01
2.469111757285897824e-01
1.188524059988225190e-01
1.677991398936971024e-01
1.228236318630608892e-01
1.806218144480720156e-01
2.583291713192803485e-01
2.430089261399421829e-01
2.221488414646008991e-01
2.678990883802079281e-01
1.917390004471908327e-01
2.563441920515456829e-01
2.468605055524601966e-01
1.377345237579188364e-01
1.634612008191451693e-01
2.418909399980497810e-01
2.717542707747480080e-01
2.712753480990670596e-01
2.432933098486005363e-01
1.406058389692965704e-01
1.937613647016318552e-01
2.605066093938583904e-01
2.737071316650974140e-01
2.543231598312596375e-01
2.664416499299697705e-01
2.413139061182532075e-01
2.588393310707592931e-01
1.953785381049417680e-01
2.299190057792364072e-01
2.329499326506603296e-01
2.494267739798212702e-01
1.924625132477686407e-01
2.717542707747480080e-01
2.536668263139469914e-01
2.512977496900132834e-01
2.041440577445188254e-01
2.606278815034714924e-01
1.977823113898260488e-01
2.109628153126195116e-01
2.622724670143057324e-01
1.385852107720442206e-01
2.332905351429763741e-01
2.823520057714210552e-01
2.115237360313866333e-01
2.690928352393564538e-01
2.003593418951075122e-01
2.329499326506603296e-01
2.420238437171597923e-01
2.156834088508885472e-01
1.305133378695799706e-01
1.355768852398924196e-01
1.850239277505965063e-01
1.556722998868629304e-01
2.104614478096404895e-01
2.690989173460733852e-01
2.060554533604355143e-01
2.489388728369874570e-01
1.124139716928391763e-01
2.313804211272110223e-01
1.873575810853802537e-01
1.840920771723322247e-01
2.182343282902854398e-01
1.746390692671662137e-01
2.334796511859238421e-01
2.267965892833911923e-01
1.474677532088648491e-01
2.473577095581562801e-01
2.473710047919128741e-01
1.906352523072625260e-01
2.477114005705525202e-01
1.821320630530554041e-01
1.950933562277485933e-01
1.924625132477686407e-01
2.563842904541875356e-01
2.234079781764295447e-01
1.965728507891011390e-01
1.382044645316460318e-01
1.554809647109625104e-01
2.403715827959409523e-01
2.223494706884503458e-01
7.911122794257430257e-02
2.636088970077956617e-01
2.065720963983892489e-01
2.014828002551993791e-01
1.658182534685801457e-01
2.400704320408300063e-01
1.762224991260623597e-01
1.860417258373514571e-01
2.418730047892507784e-01
2.726855815942474948e-01
1.524030234823259278e-01
2.585869698407261552e-01
2.318494156780266380e-01
2.466234150886608134e-01
1.787663390519202977e-01
2.243584080805565151e-01
2.808020754888440607e-01
2.476853096316604663e-01
1.804257041186367871e-01
2.041192252376990979e-01
2.682462976790960241e-01
2.005101920688936445e-01
2.223452619164598687e-01
3.134882677103298931e-01
2.497462628787587846e-01
2.183183205877421429e-01
2.397583975805961387e-01
1.768973613117958976e-01
2.583826158160897890e-01
2.156616350298001805e-01
2.329970078666834254e-01
2.691592218388070279e-01
2.329499326506603296e-01
2.017719053777566884e-01
2.542228153626853171e-01
2.555313510685213174e-01
2.026967994049684307e-01
2.043265274894281447e-01
2.404703768549838472e-01
2.744957399179712709e-01
1.599673693633745231e-01
2.559939995110962485e-01
2.628563037498281574e-01
1.407162108262678402e-01
2.607414510600802870e-01
2.433252357679256406e-01
1.970790763188867700e-01
2.653114747833731357e-01
2.532255563376208940e-01
1.745650336568083105e-01
9.589577568318219392e-02
2.763374030744198961e-01
2.479370040266912767e-01
2.543231598312596375e-01
2.254138000300800471e-01
2.152976623696325476e-01
2.507111992381547694e-01
2.622289593353031023e-01
1.546080474105933078e-01
2.459609199953565195e-01
2.120660920096604229e-01
1.633620252043135324e-01
2.684595716797240073e-01
2.520313942341578795e-01
2.645350072134524666e-01
