0 A42BB0CDD434,-42,0.0,1 00B67094C50D,-56,0.0,1 18D6C7570E6B,-57,0.0,1 20DA22FDAED1,-58,0.0,1 18D6C7570E6A,-58,0.0,1 A42BB0CDCC0E,-61,0.0,1 9483C403204F,-65,0.0,1 20DA22FDAECD,-68,0.0,1 A42BB0CDD433,-71,0.0,1 E03F492B6934,-72,0.0,1 B66BFC3698E0,-85,0.0,1 
0 A42BB0CDD434,-42,0.0,1 00B67094C50D,-56,0.0,1 18D6C7570E6B,-57,0.0,1 20DA22FDAED1,-58,0.0,1 18D6C7570E6A,-58,0.0,1 A42BB0CDCC0E,-61,0.0,1 9483C403204F,-65,0.0,1 20DA22FDAECD,-68,0.0,1 A42BB0CDD433,-71,0.0,1 E03F492B6934,-72,0.0,1 B66BFC3698E0,-85,0.0,1 
0 A42BB0CDD434,-42,0.0,1 00B67094C50D,-56,0.0,1 18D6C7570E6B,-57,0.0,1 20DA22FDAED1,-58,0.0,1 18D6C7570E6A,-58,0.0,1 A42BB0CDCC0E,-61,0.0,1 9483C403204F,-65,0.0,1 20DA22FDAECD,-68,0.0,1 A42BB0CDD433,-71,0.0,1 E03F492B6934,-72,0.0,1 B66BFC3698E0,-85,0.0,1 
0 A42BB0CDD434,-42,0.0,1 00B67094C50D,-56,0.0,1 18D6C7570E6B,-57,0.0,1 20DA22FDAED1,-58,0.0,1 18D6C7570E6A,-58,0.0,1 A42BB0CDCC0E,-61,0.0,1 9483C403204F,-65,0.0,1 20DA22FDAECD,-68,0.0,1 A42BB0CDD433,-71,0.0,1 E03F492B6934,-72,0.0,1 B66BFC3698E0,-85,0.0,1 
0 A42BB0CDD434,-42,0.0,1 00B67094C50D,-56,0.0,1 18D6C7570E6B,-57,0.0,1 20DA22FDAED1,-58,0.0,1 18D6C7570E6A,-58,0.0,1 A42BB0CDCC0E,-61,0.0,1 9483C403204F,-65,0.0,1 20DA22FDAECD,-68,0.0,1 A42BB0CDD433,-71,0.0,1 E03F492B6934,-72,0.0,1 B66BFC3698E0,-85,0.0,1 
0 A42BB0CDD434,-42,0.0,1 00B67094C50D,-56,0.0,1 18D6C7570E6B,-57,0.0,1 20DA22FDAED1,-58,0.0,1 18D6C7570E6A,-58,0.0,1 A42BB0CDCC0E,-61,0.0,1 9483C403204F,-65,0.0,1 20DA22FDAECD,-68,0.0,1 A42BB0CDD433,-71,0.0,1 E03F492B6934,-72,0.0,1 B66BFC3698E0,-85,0.0,1 
0 A42BB0CDD434,-42,0.0,1 00B67094C50D,-56,0.0,1 18D6C7570E6B,-57,0.0,1 20DA22FDAED1,-58,0.0,1 18D6C7570E6A,-58,0.0,1 A42BB0CDCC0E,-61,0.0,1 9483C403204F,-65,0.0,1 20DA22FDAECD,-68,0.0,1 A42BB0CDD433,-71,0.0,1 E03F492B6934,-72,0.0,1 B66BFC3698E0,-85,0.0,1 
0 A42BB0CDD434,-42,0.0,1 00B67094C50D,-56,0.0,1 18D6C7570E6B,-57,0.0,1 20DA22FDAED1,-58,0.0,1 18D6C7570E6A,-58,0.0,1 A42BB0CDCC0E,-61,0.0,1 9483C403204F,-65,0.0,1 20DA22FDAECD,-68,0.0,1 A42BB0CDD433,-71,0.0,1 E03F492B6934,-72,0.0,1 B66BFC3698E0,-85,0.0,1 
0 A42BB0CDD434,-42,0.0,1 00B67094C50D,-56,0.0,1 18D6C7570E6B,-57,0.0,1 20DA22FDAED1,-58,0.0,1 18D6C7570E6A,-58,0.0,1 A42BB0CDCC0E,-61,0.0,1 9483C403204F,-65,0.0,1 20DA22FDAECD,-68,0.0,1 A42BB0CDD433,-71,0.0,1 E03F492B6934,-72,0.0,1 B66BFC3698E0,-85,0.0,1 
0 A42BB0CDD434,-42,0.0,1 00B67094C50D,-56,0.0,1 18D6C7570E6B,-57,0.0,1 20DA22FDAED1,-58,0.0,1 18D6C7570E6A,-58,0.0,1 A42BB0CDCC0E,-61,0.0,1 9483C403204F,-65,0.0,1 20DA22FDAECD,-68,0.0,1 A42BB0CDD433,-71,0.0,1 E03F492B6934,-72,0.0,1 B66BFC3698E0,-85,0.0,1 
0 A42BB0CDD434,-42,0.0,1 00B67094C50D,-56,0.0,1 18D6C7570E6B,-57,0.0,1 20DA22FDAED1,-58,0.0,1 18D6C7570E6A,-58,0.0,1 A42BB0CDCC0E,-61,0.0,1 9483C403204F,-65,0.0,1 20DA22FDAECD,-68,0.0,1 A42BB0CDD433,-71,0.0,1 E03F492B6934,-72,0.0,1 B66BFC3698E0,-85,0.0,1 
0 A42BB0CDD434,-42,0.0,1 00B67094C50D,-56,0.0,1 18D6C7570E6B,-57,0.0,1 20DA22FDAED1,-58,0.0,1 18D6C7570E6A,-58,0.0,1 A42BB0CDCC0E,-61,0.0,1 9483C403204F,-65,0.0,1 20DA22FDAECD,-68,0.0,1 A42BB0CDD433,-71,0.0,1 E03F492B6934,-72,0.0,1 B66BFC3698E0,-85,0.0,1 
0 A42BB0CDD434,-42,0.0,1 00B67094C50D,-56,0.0,1 18D6C7570E6B,-57,0.0,1 20DA22FDAED1,-58,0.0,1 18D6C7570E6A,-58,0.0,1 A42BB0CDCC0E,-61,0.0,1 9483C403204F,-65,0.0,1 20DA22FDAECD,-68,0.0,1 A42BB0CDD433,-71,0.0,1 E03F492B6934,-72,0.0,1 B66BFC3698E0,-85,0.0,1 
0 A42BB0CDD434,-31,0.0,1 18D6C7570E6B,-48,0.0,1 F0B429ECF2F6,-50,0.0,1 20DA22FDAED1,-51,0.0,1 A84041205EEC,-51,0.0,1 00B67094C50D,-53,0.0,1 20DA22FDAECD,-53,0.0,1 E4956E480DF8,-55,0.0,1 9483C403204F,-57,0.0,1 18D6C7570E6A,-58,0.0,1 A42BB0CDCC0E,-60,0.0,1 A42BB0CDD433,-61,0.0,1 E03F492B6934,-62,0.0,1 9483C4032047,-62,0.0,1 00B67065EDA0,-66,0.0,1 00B67065EDA1,-66,0.0,1 00B67065EDA3,-66,0.0,1 00B67065EDA2,-67,0.0,1 B66BFC3698E0,-70,0.0,1 C412F5C5BF48,-72,0.0,1 E4956E43DAD9,-74,0.0,1 CC32E52E33B2,-86,0.0,1 
0 A42BB0CDD434,-31,0.0,1 18D6C7570E6B,-48,0.0,1 F0B429ECF2F6,-50,0.0,1 20DA22FDAED1,-51,0.0,1 A84041205EEC,-51,0.0,1 00B67094C50D,-53,0.0,1 20DA22FDAECD,-53,0.0,1 E4956E480DF8,-55,0.0,1 9483C403204F,-57,0.0,1 18D6C7570E6A,-58,0.0,1 A42BB0CDCC0E,-60,0.0,1 A42BB0CDD433,-61,0.0,1 E03F492B6934,-62,0.0,1 9483C4032047,-62,0.0,1 00B67065EDA0,-66,0.0,1 00B67065EDA1,-66,0.0,1 00B67065EDA3,-66,0.0,1 00B67065EDA2,-67,0.0,1 B66BFC3698E0,-70,0.0,1 C412F5C5BF48,-72,0.0,1 E4956E43DAD9,-74,0.0,1 CC32E52E33B2,-86,0.0,1 
0 A42BB0CDD434,-31,0.0,1 18D6C7570E6B,-48,0.0,1 F0B429ECF2F6,-50,0.0,1 20DA22FDAED1,-51,0.0,1 A84041205EEC,-51,0.0,1 00B67094C50D,-53,0.0,1 20DA22FDAECD,-53,0.0,1 E4956E480DF8,-55,0.0,1 9483C403204F,-57,0.0,1 18D6C7570E6A,-58,0.0,1 A42BB0CDCC0E,-60,0.0,1 A42BB0CDD433,-61,0.0,1 E03F492B6934,-62,0.0,1 9483C4032047,-62,0.0,1 00B67065EDA0,-66,0.0,1 00B67065EDA1,-66,0.0,1 00B67065EDA3,-66,0.0,1 00B67065EDA2,-67,0.0,1 B66BFC3698E0,-70,0.0,1 C412F5C5BF48,-72,0.0,1 E4956E43DAD9,-74,0.0,1 CC32E52E33B2,-86,0.0,1 
0 A42BB0CDD434,-31,0.0,1 18D6C7570E6B,-48,0.0,1 F0B429ECF2F6,-50,0.0,1 20DA22FDAED1,-51,0.0,1 A84041205EEC,-51,0.0,1 00B67094C50D,-53,0.0,1 20DA22FDAECD,-53,0.0,1 E4956E480DF8,-55,0.0,1 9483C403204F,-57,0.0,1 18D6C7570E6A,-58,0.0,1 A42BB0CDCC0E,-60,0.0,1 A42BB0CDD433,-61,0.0,1 E03F492B6934,-62,0.0,1 9483C4032047,-62,0.0,1 00B67065EDA0,-66,0.0,1 00B67065EDA1,-66,0.0,1 00B67065EDA3,-66,0.0,1 00B67065EDA2,-67,0.0,1 B66BFC3698E0,-70,0.0,1 C412F5C5BF48,-72,0.0,1 E4956E43DAD9,-74,0.0,1 CC32E52E33B2,-86,0.0,1 
0 A42BB0CDD434,-31,0.0,1 18D6C7570E6B,-48,0.0,1 F0B429ECF2F6,-50,0.0,1 20DA22FDAED1,-51,0.0,1 A84041205EEC,-51,0.0,1 00B67094C50D,-53,0.0,1 20DA22FDAECD,-53,0.0,1 E4956E480DF8,-55,0.0,1 9483C403204F,-57,0.0,1 18D6C7570E6A,-58,0.0,1 A42BB0CDCC0E,-60,0.0,1 A42BB0CDD433,-61,0.0,1 E03F492B6934,-62,0.0,1 9483C4032047,-62,0.0,1 00B67065EDA0,-66,0.0,1 00B67065EDA1,-66,0.0,1 00B67065EDA3,-66,0.0,1 00B67065EDA2,-67,0.0,1 B66BFC3698E0,-70,0.0,1 C412F5C5BF48,-72,0.0,1 E4956E43DAD9,-74,0.0,1 CC32E52E33B2,-86,0.0,1 
0 A42BB0CDD434,-31,0.0,1 18D6C7570E6B,-48,0.0,1 F0B429ECF2F6,-50,0.0,1 20DA22FDAED1,-51,0.0,1 A84041205EEC,-51,0.0,1 00B67094C50D,-53,0.0,1 20DA22FDAECD,-53,0.0,1 E4956E480DF8,-55,0.0,1 9483C403204F,-57,0.0,1 18D6C7570E6A,-58,0.0,1 A42BB0CDCC0E,-60,0.0,1 A42BB0CDD433,-61,0.0,1 E03F492B6934,-62,0.0,1 9483C4032047,-62,0.0,1 00B67065EDA0,-66,0.0,1 00B67065EDA1,-66,0.0,1 00B67065EDA3,-66,0.0,1 00B67065EDA2,-67,0.0,1 B66BFC3698E0,-70,0.0,1 C412F5C5BF48,-72,0.0,1 E4956E43DAD9,-74,0.0,1 CC32E52E33B2,-86,0.0,1 
0 A42BB0CDD434,-31,0.0,1 18D6C7570E6B,-48,0.0,1 F0B429ECF2F6,-50,0.0,1 20DA22FDAED1,-51,0.0,1 A84041205EEC,-51,0.0,1 00B67094C50D,-53,0.0,1 20DA22FDAECD,-53,0.0,1 E4956E480DF8,-55,0.0,1 9483C403204F,-57,0.0,1 18D6C7570E6A,-58,0.0,1 A42BB0CDCC0E,-60,0.0,1 A42BB0CDD433,-61,0.0,1 E03F492B6934,-62,0.0,1 9483C4032047,-62,0.0,1 00B67065EDA0,-66,0.0,1 00B67065EDA1,-66,0.0,1 00B67065EDA3,-66,0.0,1 00B67065EDA2,-67,0.0,1 B66BFC3698E0,-70,0.0,1 C412F5C5BF48,-72,0.0,1 E4956E43DAD9,-74,0.0,1 CC32E52E33B2,-86,0.0,1 
0 A42BB0CDD434,-31,0.0,1 18D6C7570E6B,-48,0.0,1 F0B429ECF2F6,-50,0.0,1 20DA22FDAED1,-51,0.0,1 A84041205EEC,-51,0.0,1 00B67094C50D,-53,0.0,1 20DA22FDAECD,-53,0.0,1 E4956E480DF8,-55,0.0,1 9483C403204F,-57,0.0,1 18D6C7570E6A,-58,0.0,1 A42BB0CDCC0E,-60,0.0,1 A42BB0CDD433,-61,0.0,1 E03F492B6934,-62,0.0,1 9483C4032047,-62,0.0,1 00B67065EDA0,-66,0.0,1 00B67065EDA1,-66,0.0,1 00B67065EDA3,-66,0.0,1 00B67065EDA2,-67,0.0,1 B66BFC3698E0,-70,0.0,1 C412F5C5BF48,-72,0.0,1 E4956E43DAD9,-74,0.0,1 CC32E52E33B2,-86,0.0,1 
0 A42BB0CDD434,-31,0.0,1 18D6C7570E6B,-48,0.0,1 F0B429ECF2F6,-50,0.0,1 20DA22FDAED1,-51,0.0,1 A84041205EEC,-51,0.0,1 00B67094C50D,-53,0.0,1 20DA22FDAECD,-53,0.0,1 E4956E480DF8,-55,0.0,1 9483C403204F,-57,0.0,1 18D6C7570E6A,-58,0.0,1 A42BB0CDCC0E,-60,0.0,1 A42BB0CDD433,-61,0.0,1 E03F492B6934,-62,0.0,1 9483C4032047,-62,0.0,1 00B67065EDA0,-66,0.0,1 00B67065EDA1,-66,0.0,1 00B67065EDA3,-66,0.0,1 00B67065EDA2,-67,0.0,1 B66BFC3698E0,-70,0.0,1 C412F5C5BF48,-72,0.0,1 E4956E43DAD9,-74,0.0,1 CC32E52E33B2,-86,0.0,1 
0 A42BB0CDD434,-31,0.0,1 18D6C7570E6B,-48,0.0,1 F0B429ECF2F6,-50,0.0,1 20DA22FDAED1,-51,0.0,1 A84041205EEC,-51,0.0,1 00B67094C50D,-53,0.0,1 20DA22FDAECD,-53,0.0,1 E4956E480DF8,-55,0.0,1 9483C403204F,-57,0.0,1 18D6C7570E6A,-58,0.0,1 A42BB0CDCC0E,-60,0.0,1 A42BB0CDD433,-61,0.0,1 E03F492B6934,-62,0.0,1 9483C4032047,-62,0.0,1 00B67065EDA0,-66,0.0,1 00B67065EDA1,-66,0.0,1 00B67065EDA3,-66,0.0,1 00B67065EDA2,-67,0.0,1 B66BFC3698E0,-70,0.0,1 C412F5C5BF48,-72,0.0,1 E4956E43DAD9,-74,0.0,1 CC32E52E33B2,-86,0.0,1 
0 A42BB0CDD434,-31,0.0,1 18D6C7570E6B,-48,0.0,1 F0B429ECF2F6,-50,0.0,1 20DA22FDAED1,-51,0.0,1 A84041205EEC,-51,0.0,1 00B67094C50D,-53,0.0,1 20DA22FDAECD,-53,0.0,1 E4956E480DF8,-55,0.0,1 9483C403204F,-57,0.0,1 18D6C7570E6A,-58,0.0,1 A42BB0CDCC0E,-60,0.0,1 A42BB0CDD433,-61,0.0,1 E03F492B6934,-62,0.0,1 9483C4032047,-62,0.0,1 00B67065EDA0,-66,0.0,1 00B67065EDA1,-66,0.0,1 00B67065EDA3,-66,0.0,1 00B67065EDA2,-67,0.0,1 B66BFC3698E0,-70,0.0,1 C412F5C5BF48,-72,0.0,1 E4956E43DAD9,-74,0.0,1 CC32E52E33B2,-86,0.0,1 
0 A42BB0CDD434,-31,0.0,1 18D6C7570E6B,-48,0.0,1 F0B429ECF2F6,-50,0.0,1 20DA22FDAED1,-51,0.0,1 A84041205EEC,-51,0.0,1 00B67094C50D,-53,0.0,1 20DA22FDAECD,-53,0.0,1 E4956E480DF8,-55,0.0,1 9483C403204F,-57,0.0,1 18D6C7570E6A,-58,0.0,1 A42BB0CDCC0E,-60,0.0,1 A42BB0CDD433,-61,0.0,1 E03F492B6934,-62,0.0,1 9483C4032047,-62,0.0,1 00B67065EDA0,-66,0.0,1 00B67065EDA1,-66,0.0,1 00B67065EDA3,-66,0.0,1 00B67065EDA2,-67,0.0,1 B66BFC3698E0,-70,0.0,1 C412F5C5BF48,-72,0.0,1 E4956E43DAD9,-74,0.0,1 CC32E52E33B2,-86,0.0,1 
0 A42BB0CDD434,-31,0.0,1 18D6C7570E6B,-48,0.0,1 F0B429ECF2F6,-50,0.0,1 20DA22FDAED1,-51,0.0,1 A84041205EEC,-51,0.0,1 00B67094C50D,-53,0.0,1 20DA22FDAECD,-53,0.0,1 E4956E480DF8,-55,0.0,1 9483C403204F,-57,0.0,1 18D6C7570E6A,-58,0.0,1 A42BB0CDCC0E,-60,0.0,1 A42BB0CDD433,-61,0.0,1 E03F492B6934,-62,0.0,1 9483C4032047,-62,0.0,1 00B67065EDA0,-66,0.0,1 00B67065EDA1,-66,0.0,1 00B67065EDA3,-66,0.0,1 00B67065EDA2,-67,0.0,1 B66BFC3698E0,-70,0.0,1 C412F5C5BF48,-72,0.0,1 E4956E43DAD9,-74,0.0,1 CC32E52E33B2,-86,0.0,1 
0 18D6C7570E6C,-34,0.0,1 20DA22FDAECD,-44,0.0,1 A42BB0CDD434,-45,0.0,1 A42BB0CDCC0E,-46,0.0,1 E4956E480DF8,-47,0.0,1 A84041205EEC,-48,0.0,1 18D6C7570E6A,-49,0.0,1 9483C4032047,-49,0.0,1 18D6C7570E6B,-50,0.0,1 9483C403204F,-52,0.0,1 F0B429ECF2F6,-55,0.0,1 B66BFC3698E0,-58,0.0,1 00B67094C501,-58,0.0,1 00B67094C502,-58,0.0,1 E03F492B6934,-61,0.0,1 00B67094C50D,-66,0.0,1 C412F5C5BF48,-68,0.0,1 A42BB0CDD433,-69,0.0,1 CC32E52E33B2,-73,0.0,1 9801A7E8F14E,-87,0.0,1 
0 18D6C7570E6C,-34,0.0,1 20DA22FDAECD,-44,0.0,1 A42BB0CDD434,-45,0.0,1 A42BB0CDCC0E,-46,0.0,1 E4956E480DF8,-47,0.0,1 A84041205EEC,-48,0.0,1 18D6C7570E6A,-49,0.0,1 9483C4032047,-49,0.0,1 18D6C7570E6B,-50,0.0,1 9483C403204F,-52,0.0,1 F0B429ECF2F6,-55,0.0,1 B66BFC3698E0,-58,0.0,1 00B67094C501,-58,0.0,1 00B67094C502,-58,0.0,1 E03F492B6934,-61,0.0,1 00B67094C50D,-66,0.0,1 C412F5C5BF48,-68,0.0,1 A42BB0CDD433,-69,0.0,1 CC32E52E33B2,-73,0.0,1 9801A7E8F14E,-87,0.0,1 
0 18D6C7570E6C,-34,0.0,1 20DA22FDAECD,-44,0.0,1 A42BB0CDD434,-45,0.0,1 A42BB0CDCC0E,-46,0.0,1 E4956E480DF8,-47,0.0,1 A84041205EEC,-48,0.0,1 18D6C7570E6A,-49,0.0,1 9483C4032047,-49,0.0,1 18D6C7570E6B,-50,0.0,1 9483C403204F,-52,0.0,1 F0B429ECF2F6,-55,0.0,1 B66BFC3698E0,-58,0.0,1 00B67094C501,-58,0.0,1 00B67094C502,-58,0.0,1 E03F492B6934,-61,0.0,1 00B67094C50D,-66,0.0,1 C412F5C5BF48,-68,0.0,1 A42BB0CDD433,-69,0.0,1 CC32E52E33B2,-73,0.0,1 9801A7E8F14E,-87,0.0,1 
0 18D6C7570E6C,-34,0.0,1 20DA22FDAECD,-44,0.0,1 A42BB0CDD434,-45,0.0,1 A42BB0CDCC0E,-46,0.0,1 E4956E480DF8,-47,0.0,1 A84041205EEC,-48,0.0,1 18D6C7570E6A,-49,0.0,1 9483C4032047,-49,0.0,1 18D6C7570E6B,-50,0.0,1 9483C403204F,-52,0.0,1 F0B429ECF2F6,-55,0.0,1 B66BFC3698E0,-58,0.0,1 00B67094C501,-58,0.0,1 00B67094C502,-58,0.0,1 E03F492B6934,-61,0.0,1 00B67094C50D,-66,0.0,1 C412F5C5BF48,-68,0.0,1 A42BB0CDD433,-69,0.0,1 CC32E52E33B2,-73,0.0,1 9801A7E8F14E,-87,0.0,1 
0 18D6C7570E6C,-34,0.0,1 20DA22FDAECD,-44,0.0,1 A42BB0CDD434,-45,0.0,1 A42BB0CDCC0E,-46,0.0,1 E4956E480DF8,-47,0.0,1 A84041205EEC,-48,0.0,1 18D6C7570E6A,-49,0.0,1 9483C4032047,-49,0.0,1 18D6C7570E6B,-50,0.0,1 9483C403204F,-52,0.0,1 F0B429ECF2F6,-55,0.0,1 B66BFC3698E0,-58,0.0,1 00B67094C501,-58,0.0,1 00B67094C502,-58,0.0,1 E03F492B6934,-61,0.0,1 00B67094C50D,-66,0.0,1 C412F5C5BF48,-68,0.0,1 A42BB0CDD433,-69,0.0,1 CC32E52E33B2,-73,0.0,1 9801A7E8F14E,-87,0.0,1 
0 18D6C7570E6C,-34,0.0,1 20DA22FDAECD,-44,0.0,1 A42BB0CDD434,-45,0.0,1 A42BB0CDCC0E,-46,0.0,1 E4956E480DF8,-47,0.0,1 A84041205EEC,-48,0.0,1 18D6C7570E6A,-49,0.0,1 9483C4032047,-49,0.0,1 18D6C7570E6B,-50,0.0,1 9483C403204F,-52,0.0,1 F0B429ECF2F6,-55,0.0,1 B66BFC3698E0,-58,0.0,1 00B67094C501,-58,0.0,1 00B67094C502,-58,0.0,1 E03F492B6934,-61,0.0,1 00B67094C50D,-66,0.0,1 C412F5C5BF48,-68,0.0,1 A42BB0CDD433,-69,0.0,1 CC32E52E33B2,-73,0.0,1 9801A7E8F14E,-87,0.0,1 
0 18D6C7570E6C,-34,0.0,1 20DA22FDAECD,-44,0.0,1 A42BB0CDD434,-45,0.0,1 A42BB0CDCC0E,-46,0.0,1 E4956E480DF8,-47,0.0,1 A84041205EEC,-48,0.0,1 18D6C7570E6A,-49,0.0,1 9483C4032047,-49,0.0,1 18D6C7570E6B,-50,0.0,1 9483C403204F,-52,0.0,1 F0B429ECF2F6,-55,0.0,1 B66BFC3698E0,-58,0.0,1 00B67094C501,-58,0.0,1 00B67094C502,-58,0.0,1 E03F492B6934,-61,0.0,1 00B67094C50D,-66,0.0,1 C412F5C5BF48,-68,0.0,1 A42BB0CDD433,-69,0.0,1 CC32E52E33B2,-73,0.0,1 9801A7E8F14E,-87,0.0,1 
0 18D6C7570E6C,-34,0.0,1 20DA22FDAECD,-44,0.0,1 A42BB0CDD434,-45,0.0,1 A42BB0CDCC0E,-46,0.0,1 E4956E480DF8,-47,0.0,1 A84041205EEC,-48,0.0,1 18D6C7570E6A,-49,0.0,1 9483C4032047,-49,0.0,1 18D6C7570E6B,-50,0.0,1 9483C403204F,-52,0.0,1 F0B429ECF2F6,-55,0.0,1 B66BFC3698E0,-58,0.0,1 00B67094C501,-58,0.0,1 00B67094C502,-58,0.0,1 E03F492B6934,-61,0.0,1 00B67094C50D,-66,0.0,1 C412F5C5BF48,-68,0.0,1 A42BB0CDD433,-69,0.0,1 CC32E52E33B2,-73,0.0,1 9801A7E8F14E,-87,0.0,1 
0 18D6C7570E6C,-34,0.0,1 20DA22FDAECD,-44,0.0,1 A42BB0CDD434,-45,0.0,1 A42BB0CDCC0E,-46,0.0,1 E4956E480DF8,-47,0.0,1 A84041205EEC,-48,0.0,1 18D6C7570E6A,-49,0.0,1 9483C4032047,-49,0.0,1 18D6C7570E6B,-50,0.0,1 9483C403204F,-52,0.0,1 F0B429ECF2F6,-55,0.0,1 B66BFC3698E0,-58,0.0,1 00B67094C501,-58,0.0,1 00B67094C502,-58,0.0,1 E03F492B6934,-61,0.0,1 00B67094C50D,-66,0.0,1 C412F5C5BF48,-68,0.0,1 A42BB0CDD433,-69,0.0,1 CC32E52E33B2,-73,0.0,1 9801A7E8F14E,-87,0.0,1 
0 18D6C7570E6C,-34,0.0,1 20DA22FDAECD,-44,0.0,1 A42BB0CDD434,-45,0.0,1 A42BB0CDCC0E,-46,0.0,1 E4956E480DF8,-47,0.0,1 A84041205EEC,-48,0.0,1 18D6C7570E6A,-49,0.0,1 9483C4032047,-49,0.0,1 18D6C7570E6B,-50,0.0,1 9483C403204F,-52,0.0,1 F0B429ECF2F6,-55,0.0,1 B66BFC3698E0,-58,0.0,1 00B67094C501,-58,0.0,1 00B67094C502,-58,0.0,1 E03F492B6934,-61,0.0,1 00B67094C50D,-66,0.0,1 C412F5C5BF48,-68,0.0,1 A42BB0CDD433,-69,0.0,1 CC32E52E33B2,-73,0.0,1 9801A7E8F14E,-87,0.0,1 
0 18D6C7570E6C,-34,0.0,1 20DA22FDAECD,-44,0.0,1 A42BB0CDD434,-45,0.0,1 A42BB0CDCC0E,-46,0.0,1 E4956E480DF8,-47,0.0,1 A84041205EEC,-48,0.0,1 18D6C7570E6A,-49,0.0,1 9483C4032047,-49,0.0,1 18D6C7570E6B,-50,0.0,1 9483C403204F,-52,0.0,1 F0B429ECF2F6,-55,0.0,1 B66BFC3698E0,-58,0.0,1 00B67094C501,-58,0.0,1 00B67094C502,-58,0.0,1 E03F492B6934,-61,0.0,1 00B67094C50D,-66,0.0,1 C412F5C5BF48,-68,0.0,1 A42BB0CDD433,-69,0.0,1 CC32E52E33B2,-73,0.0,1 9801A7E8F14E,-87,0.0,1 
0 18D6C7570E6C,-34,0.0,1 20DA22FDAECD,-44,0.0,1 A42BB0CDD434,-45,0.0,1 A42BB0CDCC0E,-46,0.0,1 E4956E480DF8,-47,0.0,1 A84041205EEC,-48,0.0,1 18D6C7570E6A,-49,0.0,1 9483C4032047,-49,0.0,1 18D6C7570E6B,-50,0.0,1 9483C403204F,-52,0.0,1 F0B429ECF2F6,-55,0.0,1 B66BFC3698E0,-58,0.0,1 00B67094C501,-58,0.0,1 00B67094C502,-58,0.0,1 E03F492B6934,-61,0.0,1 00B67094C50D,-66,0.0,1 C412F5C5BF48,-68,0.0,1 A42BB0CDD433,-69,0.0,1 CC32E52E33B2,-73,0.0,1 9801A7E8F14E,-87,0.0,1 
0 18D6C7570E6C,-34,0.0,1 20DA22FDAECD,-44,0.0,1 A42BB0CDD434,-45,0.0,1 A42BB0CDCC0E,-46,0.0,1 E4956E480DF8,-47,0.0,1 A84041205EEC,-48,0.0,1 18D6C7570E6A,-49,0.0,1 9483C4032047,-49,0.0,1 18D6C7570E6B,-50,0.0,1 9483C403204F,-52,0.0,1 F0B429ECF2F6,-55,0.0,1 B66BFC3698E0,-58,0.0,1 00B67094C501,-58,0.0,1 00B67094C502,-58,0.0,1 E03F492B6934,-61,0.0,1 00B67094C50D,-66,0.0,1 C412F5C5BF48,-68,0.0,1 A42BB0CDD433,-69,0.0,1 CC32E52E33B2,-73,0.0,1 9801A7E8F14E,-87,0.0,1 
0 00B67094C50D,-51,0.0,1 18D6C7570E6B,-56,0.0,1 18D6C7570E6A,-56,0.0,1 E03F492B6934,-65,0.0,1 A42BB0CDCC0E,-65,0.0,1 A42BB0CDD433,-68,0.0,1 B66BFC3698E0,-69,0.0,1 CC32E52E33B2,-88,0.0,1 
0 00B67094C50D,-51,0.0,1 18D6C7570E6B,-56,0.0,1 18D6C7570E6A,-56,0.0,1 E03F492B6934,-65,0.0,1 A42BB0CDCC0E,-65,0.0,1 A42BB0CDD433,-68,0.0,1 B66BFC3698E0,-69,0.0,1 CC32E52E33B2,-88,0.0,1 
0 00B67094C50D,-51,0.0,1 18D6C7570E6B,-56,0.0,1 18D6C7570E6A,-56,0.0,1 E03F492B6934,-65,0.0,1 A42BB0CDCC0E,-65,0.0,1 A42BB0CDD433,-68,0.0,1 B66BFC3698E0,-69,0.0,1 CC32E52E33B2,-88,0.0,1 
0 00B67094C50D,-51,0.0,1 18D6C7570E6B,-56,0.0,1 18D6C7570E6A,-56,0.0,1 E03F492B6934,-65,0.0,1 A42BB0CDCC0E,-65,0.0,1 A42BB0CDD433,-68,0.0,1 B66BFC3698E0,-69,0.0,1 CC32E52E33B2,-88,0.0,1 
0 00B67094C50D,-51,0.0,1 18D6C7570E6B,-56,0.0,1 18D6C7570E6A,-56,0.0,1 E03F492B6934,-65,0.0,1 A42BB0CDCC0E,-65,0.0,1 A42BB0CDD433,-68,0.0,1 B66BFC3698E0,-69,0.0,1 CC32E52E33B2,-88,0.0,1 
0 00B67094C50D,-51,0.0,1 18D6C7570E6B,-56,0.0,1 18D6C7570E6A,-56,0.0,1 E03F492B6934,-65,0.0,1 A42BB0CDCC0E,-65,0.0,1 A42BB0CDD433,-68,0.0,1 B66BFC3698E0,-69,0.0,1 CC32E52E33B2,-88,0.0,1 
0 00B67094C50D,-51,0.0,1 18D6C7570E6B,-56,0.0,1 18D6C7570E6A,-56,0.0,1 E03F492B6934,-65,0.0,1 A42BB0CDCC0E,-65,0.0,1 A42BB0CDD433,-68,0.0,1 B66BFC3698E0,-69,0.0,1 CC32E52E33B2,-88,0.0,1 
0 00B67094C50D,-51,0.0,1 18D6C7570E6B,-56,0.0,1 18D6C7570E6A,-56,0.0,1 E03F492B6934,-65,0.0,1 A42BB0CDCC0E,-65,0.0,1 A42BB0CDD433,-68,0.0,1 B66BFC3698E0,-69,0.0,1 CC32E52E33B2,-88,0.0,1 
0 00B67094C50D,-51,0.0,1 18D6C7570E6B,-56,0.0,1 18D6C7570E6A,-56,0.0,1 E03F492B6934,-65,0.0,1 A42BB0CDCC0E,-65,0.0,1 A42BB0CDD433,-68,0.0,1 B66BFC3698E0,-69,0.0,1 CC32E52E33B2,-88,0.0,1 
0 00B67094C50D,-51,0.0,1 18D6C7570E6B,-56,0.0,1 18D6C7570E6A,-56,0.0,1 E03F492B6934,-65,0.0,1 A42BB0CDCC0E,-65,0.0,1 A42BB0CDD433,-68,0.0,1 B66BFC3698E0,-69,0.0,1 CC32E52E33B2,-88,0.0,1 
0 00B67094C50D,-51,0.0,1 18D6C7570E6B,-56,0.0,1 18D6C7570E6A,-56,0.0,1 E03F492B6934,-65,0.0,1 A42BB0CDCC0E,-65,0.0,1 A42BB0CDD433,-68,0.0,1 B66BFC3698E0,-69,0.0,1 CC32E52E33B2,-88,0.0,1 
0 00B67094C50D,-51,0.0,1 18D6C7570E6B,-56,0.0,1 18D6C7570E6A,-56,0.0,1 E03F492B6934,-65,0.0,1 A42BB0CDCC0E,-65,0.0,1 A42BB0CDD433,-68,0.0,1 B66BFC3698E0,-69,0.0,1 CC32E52E33B2,-88,0.0,1 
0 00B67094C50D,-51,0.0,1 18D6C7570E6B,-56,0.0,1 18D6C7570E6A,-56,0.0,1 E03F492B6934,-65,0.0,1 A42BB0CDCC0E,-65,0.0,1 A42BB0CDD433,-68,0.0,1 B66BFC3698E0,-69,0.0,1 CC32E52E33B2,-88,0.0,1 
0 A42BB0CDD434,-40,0.0,1 F0B429ECF2F6,-47,0.0,1 00B67094C501,-52,0.0,1 00B67094C502,-52,0.0,1 00B67094C500,-52,0.0,1 00B67094C503,-52,0.0,1 18D6C7570E6A,-53,0.0,1 18D6C7570E6B,-56,0.0,1 20DA22FDAECD,-57,0.0,1 9483C4032047,-59,0.0,1 A84041205EEC,-59,0.0,1 00B67094C50D,-61,0.0,1 E4956E480DF8,-62,0.0,1 00B67065EDA2,-63,0.0,1 00B67065EDA1,-64,0.0,1 E03F492B6934,-66,0.0,1 A42BB0CDCC0E,-66,0.0,1 9483C403204F,-66,0.0,1 A42BB0CDD433,-71,0.0,1 B66BFC3698E0,-74,0.0,1 00F82C199C02,-79,0.0,1 
0 A42BB0CDD434,-40,0.0,1 F0B429ECF2F6,-47,0.0,1 00B67094C501,-52,0.0,1 00B67094C502,-52,0.0,1 00B67094C500,-52,0.0,1 00B67094C503,-52,0.0,1 18D6C7570E6A,-53,0.0,1 18D6C7570E6B,-56,0.0,1 20DA22FDAECD,-57,0.0,1 9483C4032047,-59,0.0,1 A84041205EEC,-59,0.0,1 00B67094C50D,-61,0.0,1 E4956E480DF8,-62,0.0,1 00B67065EDA2,-63,0.0,1 00B67065EDA1,-64,0.0,1 E03F492B6934,-66,0.0,1 A42BB0CDCC0E,-66,0.0,1 9483C403204F,-66,0.0,1 A42BB0CDD433,-71,0.0,1 B66BFC3698E0,-74,0.0,1 00F82C199C02,-79,0.0,1 
0 A42BB0CDD434,-40,0.0,1 F0B429ECF2F6,-47,0.0,1 00B67094C501,-52,0.0,1 00B67094C502,-52,0.0,1 00B67094C500,-52,0.0,1 00B67094C503,-52,0.0,1 18D6C7570E6A,-53,0.0,1 18D6C7570E6B,-56,0.0,1 20DA22FDAECD,-57,0.0,1 9483C4032047,-59,0.0,1 A84041205EEC,-59,0.0,1 00B67094C50D,-61,0.0,1 E4956E480DF8,-62,0.0,1 00B67065EDA2,-63,0.0,1 00B67065EDA1,-64,0.0,1 E03F492B6934,-66,0.0,1 A42BB0CDCC0E,-66,0.0,1 9483C403204F,-66,0.0,1 A42BB0CDD433,-71,0.0,1 B66BFC3698E0,-74,0.0,1 00F82C199C02,-79,0.0,1 
0 A42BB0CDD434,-40,0.0,1 F0B429ECF2F6,-47,0.0,1 00B67094C501,-52,0.0,1 00B67094C502,-52,0.0,1 00B67094C500,-52,0.0,1 00B67094C503,-52,0.0,1 18D6C7570E6A,-53,0.0,1 18D6C7570E6B,-56,0.0,1 20DA22FDAECD,-57,0.0,1 9483C4032047,-59,0.0,1 A84041205EEC,-59,0.0,1 00B67094C50D,-61,0.0,1 E4956E480DF8,-62,0.0,1 00B67065EDA2,-63,0.0,1 00B67065EDA1,-64,0.0,1 E03F492B6934,-66,0.0,1 A42BB0CDCC0E,-66,0.0,1 9483C403204F,-66,0.0,1 A42BB0CDD433,-71,0.0,1 B66BFC3698E0,-74,0.0,1 00F82C199C02,-79,0.0,1 
0 A42BB0CDD434,-40,0.0,1 F0B429ECF2F6,-47,0.0,1 00B67094C501,-52,0.0,1 00B67094C502,-52,0.0,1 00B67094C500,-52,0.0,1 00B67094C503,-52,0.0,1 18D6C7570E6A,-53,0.0,1 18D6C7570E6B,-56,0.0,1 20DA22FDAECD,-57,0.0,1 9483C4032047,-59,0.0,1 A84041205EEC,-59,0.0,1 00B67094C50D,-61,0.0,1 E4956E480DF8,-62,0.0,1 00B67065EDA2,-63,0.0,1 00B67065EDA1,-64,0.0,1 E03F492B6934,-66,0.0,1 A42BB0CDCC0E,-66,0.0,1 9483C403204F,-66,0.0,1 A42BB0CDD433,-71,0.0,1 B66BFC3698E0,-74,0.0,1 00F82C199C02,-79,0.0,1 
0 A42BB0CDD434,-40,0.0,1 F0B429ECF2F6,-47,0.0,1 00B67094C501,-52,0.0,1 00B67094C502,-52,0.0,1 00B67094C500,-52,0.0,1 00B67094C503,-52,0.0,1 18D6C7570E6A,-53,0.0,1 18D6C7570E6B,-56,0.0,1 20DA22FDAECD,-57,0.0,1 9483C4032047,-59,0.0,1 A84041205EEC,-59,0.0,1 00B67094C50D,-61,0.0,1 E4956E480DF8,-62,0.0,1 00B67065EDA2,-63,0.0,1 00B67065EDA1,-64,0.0,1 E03F492B6934,-66,0.0,1 A42BB0CDCC0E,-66,0.0,1 9483C403204F,-66,0.0,1 A42BB0CDD433,-71,0.0,1 B66BFC3698E0,-74,0.0,1 00F82C199C02,-79,0.0,1 
0 A42BB0CDD434,-40,0.0,1 F0B429ECF2F6,-47,0.0,1 00B67094C501,-52,0.0,1 00B67094C502,-52,0.0,1 00B67094C500,-52,0.0,1 00B67094C503,-52,0.0,1 18D6C7570E6A,-53,0.0,1 18D6C7570E6B,-56,0.0,1 20DA22FDAECD,-57,0.0,1 9483C4032047,-59,0.0,1 A84041205EEC,-59,0.0,1 00B67094C50D,-61,0.0,1 E4956E480DF8,-62,0.0,1 00B67065EDA2,-63,0.0,1 00B67065EDA1,-64,0.0,1 E03F492B6934,-66,0.0,1 A42BB0CDCC0E,-66,0.0,1 9483C403204F,-66,0.0,1 A42BB0CDD433,-71,0.0,1 B66BFC3698E0,-74,0.0,1 00F82C199C02,-79,0.0,1 
0 A42BB0CDD434,-40,0.0,1 F0B429ECF2F6,-47,0.0,1 00B67094C501,-52,0.0,1 00B67094C502,-52,0.0,1 00B67094C500,-52,0.0,1 00B67094C503,-52,0.0,1 18D6C7570E6A,-53,0.0,1 18D6C7570E6B,-56,0.0,1 20DA22FDAECD,-57,0.0,1 9483C4032047,-59,0.0,1 A84041205EEC,-59,0.0,1 00B67094C50D,-61,0.0,1 E4956E480DF8,-62,0.0,1 00B67065EDA2,-63,0.0,1 00B67065EDA1,-64,0.0,1 E03F492B6934,-66,0.0,1 A42BB0CDCC0E,-66,0.0,1 9483C403204F,-66,0.0,1 A42BB0CDD433,-71,0.0,1 B66BFC3698E0,-74,0.0,1 00F82C199C02,-79,0.0,1 
0 A42BB0CDD434,-40,0.0,1 F0B429ECF2F6,-47,0.0,1 00B67094C501,-52,0.0,1 00B67094C502,-52,0.0,1 00B67094C500,-52,0.0,1 00B67094C503,-52,0.0,1 18D6C7570E6A,-53,0.0,1 18D6C7570E6B,-56,0.0,1 20DA22FDAECD,-57,0.0,1 9483C4032047,-59,0.0,1 A84041205EEC,-59,0.0,1 00B67094C50D,-61,0.0,1 E4956E480DF8,-62,0.0,1 00B67065EDA2,-63,0.0,1 00B67065EDA1,-64,0.0,1 E03F492B6934,-66,0.0,1 A42BB0CDCC0E,-66,0.0,1 9483C403204F,-66,0.0,1 A42BB0CDD433,-71,0.0,1 B66BFC3698E0,-74,0.0,1 00F82C199C02,-79,0.0,1 
0 A42BB0CDD434,-40,0.0,1 F0B429ECF2F6,-47,0.0,1 00B67094C501,-52,0.0,1 00B67094C502,-52,0.0,1 00B67094C500,-52,0.0,1 00B67094C503,-52,0.0,1 18D6C7570E6A,-53,0.0,1 18D6C7570E6B,-56,0.0,1 20DA22FDAECD,-57,0.0,1 9483C4032047,-59,0.0,1 A84041205EEC,-59,0.0,1 00B67094C50D,-61,0.0,1 E4956E480DF8,-62,0.0,1 00B67065EDA2,-63,0.0,1 00B67065EDA1,-64,0.0,1 E03F492B6934,-66,0.0,1 A42BB0CDCC0E,-66,0.0,1 9483C403204F,-66,0.0,1 A42BB0CDD433,-71,0.0,1 B66BFC3698E0,-74,0.0,1 00F82C199C02,-79,0.0,1 
0 A42BB0CDD434,-40,0.0,1 F0B429ECF2F6,-47,0.0,1 00B67094C501,-52,0.0,1 00B67094C502,-52,0.0,1 00B67094C500,-52,0.0,1 00B67094C503,-52,0.0,1 18D6C7570E6A,-53,0.0,1 18D6C7570E6B,-56,0.0,1 20DA22FDAECD,-57,0.0,1 9483C4032047,-59,0.0,1 A84041205EEC,-59,0.0,1 00B67094C50D,-61,0.0,1 E4956E480DF8,-62,0.0,1 00B67065EDA2,-63,0.0,1 00B67065EDA1,-64,0.0,1 E03F492B6934,-66,0.0,1 A42BB0CDCC0E,-66,0.0,1 9483C403204F,-66,0.0,1 A42BB0CDD433,-71,0.0,1 B66BFC3698E0,-74,0.0,1 00F82C199C02,-79,0.0,1 
0 A42BB0CDD434,-40,0.0,1 F0B429ECF2F6,-47,0.0,1 00B67094C501,-52,0.0,1 00B67094C502,-52,0.0,1 00B67094C500,-52,0.0,1 00B67094C503,-52,0.0,1 18D6C7570E6A,-53,0.0,1 18D6C7570E6B,-56,0.0,1 20DA22FDAECD,-57,0.0,1 9483C4032047,-59,0.0,1 A84041205EEC,-59,0.0,1 00B67094C50D,-61,0.0,1 E4956E480DF8,-62,0.0,1 00B67065EDA2,-63,0.0,1 00B67065EDA1,-64,0.0,1 E03F492B6934,-66,0.0,1 A42BB0CDCC0E,-66,0.0,1 9483C403204F,-66,0.0,1 A42BB0CDD433,-71,0.0,1 B66BFC3698E0,-74,0.0,1 00F82C199C02,-79,0.0,1 
0 A42BB0CDD434,-40,0.0,1 F0B429ECF2F6,-47,0.0,1 00B67094C501,-52,0.0,1 00B67094C502,-52,0.0,1 00B67094C500,-52,0.0,1 00B67094C503,-52,0.0,1 18D6C7570E6A,-53,0.0,1 18D6C7570E6B,-56,0.0,1 20DA22FDAECD,-57,0.0,1 9483C4032047,-59,0.0,1 A84041205EEC,-59,0.0,1 00B67094C50D,-61,0.0,1 E4956E480DF8,-62,0.0,1 00B67065EDA2,-63,0.0,1 00B67065EDA1,-64,0.0,1 E03F492B6934,-66,0.0,1 A42BB0CDCC0E,-66,0.0,1 9483C403204F,-66,0.0,1 A42BB0CDD433,-71,0.0,1 B66BFC3698E0,-74,0.0,1 00F82C199C02,-79,0.0,1 
0 18D6C7570E6C,-34,0.0,1 00B67094C501,-42,0.0,1 00B67094C502,-42,0.0,1 00B67094C500,-42,0.0,1 00B67094C503,-42,0.0,1 00B67094C50D,-45,0.0,1 F0B429ECF2F6,-47,0.0,1 9483C403204F,-48,0.0,1 A42BB0CDD434,-48,0.0,1 18D6C7570E6B,-54,0.0,1 20DA22FDAECD,-55,0.0,1 E4956E480DF8,-58,0.0,1 18D6C7570E6A,-59,0.0,1 A84041205EEC,-59,0.0,1 A42BB0CDCC0E,-60,0.0,1 9483C4032047,-60,0.0,1 E03F492B6934,-66,0.0,1 00B67065EDA1,-68,0.0,1 00F82C199C02,-68,0.0,1 00F82C199C01,-68,0.0,1 B66BFC3698E0,-69,0.0,1 00B67065EDA2,-69,0.0,1 A42BB0CDD433,-72,0.0,1 E4956E43DAD9,-74,0.0,1 68CAE43A6C21,-80,0.0,1 68CAE43A6C22,-80,0.0,1 68CAE43A6C23,-80,0.0,1 00B67065A8A2,-82,0.0,1 00B67065A8A3,-82,0.0,1 00B67065A8A1,-83,0.0,1 461CA8300B82,-88,0.0,1 CC32E52E33B2,-89,0.0,1 9801A7E8F14E,-96,0.0,1 
0 18D6C7570E6C,-34,0.0,1 00B67094C501,-42,0.0,1 00B67094C502,-42,0.0,1 00B67094C500,-42,0.0,1 00B67094C503,-42,0.0,1 00B67094C50D,-45,0.0,1 F0B429ECF2F6,-47,0.0,1 9483C403204F,-48,0.0,1 A42BB0CDD434,-48,0.0,1 18D6C7570E6B,-54,0.0,1 20DA22FDAECD,-55,0.0,1 E4956E480DF8,-58,0.0,1 18D6C7570E6A,-59,0.0,1 A84041205EEC,-59,0.0,1 A42BB0CDCC0E,-60,0.0,1 9483C4032047,-60,0.0,1 E03F492B6934,-66,0.0,1 00B67065EDA1,-68,0.0,1 00F82C199C02,-68,0.0,1 00F82C199C01,-68,0.0,1 B66BFC3698E0,-69,0.0,1 00B67065EDA2,-69,0.0,1 A42BB0CDD433,-72,0.0,1 E4956E43DAD9,-74,0.0,1 68CAE43A6C21,-80,0.0,1 68CAE43A6C22,-80,0.0,1 68CAE43A6C23,-80,0.0,1 00B67065A8A2,-82,0.0,1 00B67065A8A3,-82,0.0,1 00B67065A8A1,-83,0.0,1 461CA8300B82,-88,0.0,1 CC32E52E33B2,-89,0.0,1 9801A7E8F14E,-96,0.0,1 
0 18D6C7570E6C,-34,0.0,1 00B67094C501,-42,0.0,1 00B67094C502,-42,0.0,1 00B67094C500,-42,0.0,1 00B67094C503,-42,0.0,1 00B67094C50D,-45,0.0,1 F0B429ECF2F6,-47,0.0,1 9483C403204F,-48,0.0,1 A42BB0CDD434,-48,0.0,1 18D6C7570E6B,-54,0.0,1 20DA22FDAECD,-55,0.0,1 E4956E480DF8,-58,0.0,1 18D6C7570E6A,-59,0.0,1 A84041205EEC,-59,0.0,1 A42BB0CDCC0E,-60,0.0,1 9483C4032047,-60,0.0,1 E03F492B6934,-66,0.0,1 00B67065EDA1,-68,0.0,1 00F82C199C02,-68,0.0,1 00F82C199C01,-68,0.0,1 B66BFC3698E0,-69,0.0,1 00B67065EDA2,-69,0.0,1 A42BB0CDD433,-72,0.0,1 E4956E43DAD9,-74,0.0,1 68CAE43A6C21,-80,0.0,1 68CAE43A6C22,-80,0.0,1 68CAE43A6C23,-80,0.0,1 00B67065A8A2,-82,0.0,1 00B67065A8A3,-82,0.0,1 00B67065A8A1,-83,0.0,1 461CA8300B82,-88,0.0,1 CC32E52E33B2,-89,0.0,1 9801A7E8F14E,-96,0.0,1 
0 18D6C7570E6C,-34,0.0,1 00B67094C501,-42,0.0,1 00B67094C502,-42,0.0,1 00B67094C500,-42,0.0,1 00B67094C503,-42,0.0,1 00B67094C50D,-45,0.0,1 F0B429ECF2F6,-47,0.0,1 9483C403204F,-48,0.0,1 A42BB0CDD434,-48,0.0,1 18D6C7570E6B,-54,0.0,1 20DA22FDAECD,-55,0.0,1 E4956E480DF8,-58,0.0,1 18D6C7570E6A,-59,0.0,1 A84041205EEC,-59,0.0,1 A42BB0CDCC0E,-60,0.0,1 9483C4032047,-60,0.0,1 E03F492B6934,-66,0.0,1 00B67065EDA1,-68,0.0,1 00F82C199C02,-68,0.0,1 00F82C199C01,-68,0.0,1 B66BFC3698E0,-69,0.0,1 00B67065EDA2,-69,0.0,1 A42BB0CDD433,-72,0.0,1 E4956E43DAD9,-74,0.0,1 68CAE43A6C21,-80,0.0,1 68CAE43A6C22,-80,0.0,1 68CAE43A6C23,-80,0.0,1 00B67065A8A2,-82,0.0,1 00B67065A8A3,-82,0.0,1 00B67065A8A1,-83,0.0,1 461CA8300B82,-88,0.0,1 CC32E52E33B2,-89,0.0,1 9801A7E8F14E,-96,0.0,1 
0 18D6C7570E6C,-34,0.0,1 00B67094C501,-42,0.0,1 00B67094C502,-42,0.0,1 00B67094C500,-42,0.0,1 00B67094C503,-42,0.0,1 00B67094C50D,-45,0.0,1 F0B429ECF2F6,-47,0.0,1 9483C403204F,-48,0.0,1 A42BB0CDD434,-48,0.0,1 18D6C7570E6B,-54,0.0,1 20DA22FDAECD,-55,0.0,1 E4956E480DF8,-58,0.0,1 18D6C7570E6A,-59,0.0,1 A84041205EEC,-59,0.0,1 A42BB0CDCC0E,-60,0.0,1 9483C4032047,-60,0.0,1 E03F492B6934,-66,0.0,1 00B67065EDA1,-68,0.0,1 00F82C199C02,-68,0.0,1 00F82C199C01,-68,0.0,1 B66BFC3698E0,-69,0.0,1 00B67065EDA2,-69,0.0,1 A42BB0CDD433,-72,0.0,1 E4956E43DAD9,-74,0.0,1 68CAE43A6C21,-80,0.0,1 68CAE43A6C22,-80,0.0,1 68CAE43A6C23,-80,0.0,1 00B67065A8A2,-82,0.0,1 00B67065A8A3,-82,0.0,1 00B67065A8A1,-83,0.0,1 461CA8300B82,-88,0.0,1 CC32E52E33B2,-89,0.0,1 9801A7E8F14E,-96,0.0,1 
0 18D6C7570E6C,-34,0.0,1 00B67094C501,-42,0.0,1 00B67094C502,-42,0.0,1 00B67094C500,-42,0.0,1 00B67094C503,-42,0.0,1 00B67094C50D,-45,0.0,1 F0B429ECF2F6,-47,0.0,1 9483C403204F,-48,0.0,1 A42BB0CDD434,-48,0.0,1 18D6C7570E6B,-54,0.0,1 20DA22FDAECD,-55,0.0,1 E4956E480DF8,-58,0.0,1 18D6C7570E6A,-59,0.0,1 A84041205EEC,-59,0.0,1 A42BB0CDCC0E,-60,0.0,1 9483C4032047,-60,0.0,1 E03F492B6934,-66,0.0,1 00B67065EDA1,-68,0.0,1 00F82C199C02,-68,0.0,1 00F82C199C01,-68,0.0,1 B66BFC3698E0,-69,0.0,1 00B67065EDA2,-69,0.0,1 A42BB0CDD433,-72,0.0,1 E4956E43DAD9,-74,0.0,1 68CAE43A6C21,-80,0.0,1 68CAE43A6C22,-80,0.0,1 68CAE43A6C23,-80,0.0,1 00B67065A8A2,-82,0.0,1 00B67065A8A3,-82,0.0,1 00B67065A8A1,-83,0.0,1 461CA8300B82,-88,0.0,1 CC32E52E33B2,-89,0.0,1 9801A7E8F14E,-96,0.0,1 
0 18D6C7570E6C,-34,0.0,1 00B67094C501,-42,0.0,1 00B67094C502,-42,0.0,1 00B67094C500,-42,0.0,1 00B67094C503,-42,0.0,1 00B67094C50D,-45,0.0,1 F0B429ECF2F6,-47,0.0,1 9483C403204F,-48,0.0,1 A42BB0CDD434,-48,0.0,1 18D6C7570E6B,-54,0.0,1 20DA22FDAECD,-55,0.0,1 E4956E480DF8,-58,0.0,1 18D6C7570E6A,-59,0.0,1 A84041205EEC,-59,0.0,1 A42BB0CDCC0E,-60,0.0,1 9483C4032047,-60,0.0,1 E03F492B6934,-66,0.0,1 00B67065EDA1,-68,0.0,1 00F82C199C02,-68,0.0,1 00F82C199C01,-68,0.0,1 B66BFC3698E0,-69,0.0,1 00B67065EDA2,-69,0.0,1 A42BB0CDD433,-72,0.0,1 E4956E43DAD9,-74,0.0,1 68CAE43A6C21,-80,0.0,1 68CAE43A6C22,-80,0.0,1 68CAE43A6C23,-80,0.0,1 00B67065A8A2,-82,0.0,1 00B67065A8A3,-82,0.0,1 00B67065A8A1,-83,0.0,1 461CA8300B82,-88,0.0,1 CC32E52E33B2,-89,0.0,1 9801A7E8F14E,-96,0.0,1 
0 18D6C7570E6C,-34,0.0,1 00B67094C501,-42,0.0,1 00B67094C502,-42,0.0,1 00B67094C500,-42,0.0,1 00B67094C503,-42,0.0,1 00B67094C50D,-45,0.0,1 F0B429ECF2F6,-47,0.0,1 9483C403204F,-48,0.0,1 A42BB0CDD434,-48,0.0,1 18D6C7570E6B,-54,0.0,1 20DA22FDAECD,-55,0.0,1 E4956E480DF8,-58,0.0,1 18D6C7570E6A,-59,0.0,1 A84041205EEC,-59,0.0,1 A42BB0CDCC0E,-60,0.0,1 9483C4032047,-60,0.0,1 E03F492B6934,-66,0.0,1 00B67065EDA1,-68,0.0,1 00F82C199C02,-68,0.0,1 00F82C199C01,-68,0.0,1 B66BFC3698E0,-69,0.0,1 00B67065EDA2,-69,0.0,1 A42BB0CDD433,-72,0.0,1 E4956E43DAD9,-74,0.0,1 68CAE43A6C21,-80,0.0,1 68CAE43A6C22,-80,0.0,1 68CAE43A6C23,-80,0.0,1 00B67065A8A2,-82,0.0,1 00B67065A8A3,-82,0.0,1 00B67065A8A1,-83,0.0,1 461CA8300B82,-88,0.0,1 CC32E52E33B2,-89,0.0,1 9801A7E8F14E,-96,0.0,1 
0 18D6C7570E6C,-34,0.0,1 00B67094C501,-42,0.0,1 00B67094C502,-42,0.0,1 00B67094C500,-42,0.0,1 00B67094C503,-42,0.0,1 00B67094C50D,-45,0.0,1 F0B429ECF2F6,-47,0.0,1 9483C403204F,-48,0.0,1 A42BB0CDD434,-48,0.0,1 18D6C7570E6B,-54,0.0,1 20DA22FDAECD,-55,0.0,1 E4956E480DF8,-58,0.0,1 18D6C7570E6A,-59,0.0,1 A84041205EEC,-59,0.0,1 A42BB0CDCC0E,-60,0.0,1 9483C4032047,-60,0.0,1 E03F492B6934,-66,0.0,1 00B67065EDA1,-68,0.0,1 00F82C199C02,-68,0.0,1 00F82C199C01,-68,0.0,1 B66BFC3698E0,-69,0.0,1 00B67065EDA2,-69,0.0,1 A42BB0CDD433,-72,0.0,1 E4956E43DAD9,-74,0.0,1 68CAE43A6C21,-80,0.0,1 68CAE43A6C22,-80,0.0,1 68CAE43A6C23,-80,0.0,1 00B67065A8A2,-82,0.0,1 00B67065A8A3,-82,0.0,1 00B67065A8A1,-83,0.0,1 461CA8300B82,-88,0.0,1 CC32E52E33B2,-89,0.0,1 9801A7E8F14E,-96,0.0,1 
0 18D6C7570E6C,-34,0.0,1 00B67094C501,-42,0.0,1 00B67094C502,-42,0.0,1 00B67094C500,-42,0.0,1 00B67094C503,-42,0.0,1 00B67094C50D,-45,0.0,1 F0B429ECF2F6,-47,0.0,1 9483C403204F,-48,0.0,1 A42BB0CDD434,-48,0.0,1 18D6C7570E6B,-54,0.0,1 20DA22FDAECD,-55,0.0,1 E4956E480DF8,-58,0.0,1 18D6C7570E6A,-59,0.0,1 A84041205EEC,-59,0.0,1 A42BB0CDCC0E,-60,0.0,1 9483C4032047,-60,0.0,1 E03F492B6934,-66,0.0,1 00B67065EDA1,-68,0.0,1 00F82C199C02,-68,0.0,1 00F82C199C01,-68,0.0,1 B66BFC3698E0,-69,0.0,1 00B67065EDA2,-69,0.0,1 A42BB0CDD433,-72,0.0,1 E4956E43DAD9,-74,0.0,1 68CAE43A6C21,-80,0.0,1 68CAE43A6C22,-80,0.0,1 68CAE43A6C23,-80,0.0,1 00B67065A8A2,-82,0.0,1 00B67065A8A3,-82,0.0,1 00B67065A8A1,-83,0.0,1 461CA8300B82,-88,0.0,1 CC32E52E33B2,-89,0.0,1 9801A7E8F14E,-96,0.0,1 
0 18D6C7570E6C,-34,0.0,1 00B67094C501,-42,0.0,1 00B67094C502,-42,0.0,1 00B67094C500,-42,0.0,1 00B67094C503,-42,0.0,1 00B67094C50D,-45,0.0,1 F0B429ECF2F6,-47,0.0,1 9483C403204F,-48,0.0,1 A42BB0CDD434,-48,0.0,1 18D6C7570E6B,-54,0.0,1 20DA22FDAECD,-55,0.0,1 E4956E480DF8,-58,0.0,1 18D6C7570E6A,-59,0.0,1 A84041205EEC,-59,0.0,1 A42BB0CDCC0E,-60,0.0,1 9483C4032047,-60,0.0,1 E03F492B6934,-66,0.0,1 00B67065EDA1,-68,0.0,1 00F82C199C02,-68,0.0,1 00F82C199C01,-68,0.0,1 B66BFC3698E0,-69,0.0,1 00B67065EDA2,-69,0.0,1 A42BB0CDD433,-72,0.0,1 E4956E43DAD9,-74,0.0,1 68CAE43A6C21,-80,0.0,1 68CAE43A6C22,-80,0.0,1 68CAE43A6C23,-80,0.0,1 00B67065A8A2,-82,0.0,1 00B67065A8A3,-82,0.0,1 00B67065A8A1,-83,0.0,1 461CA8300B82,-88,0.0,1 CC32E52E33B2,-89,0.0,1 9801A7E8F14E,-96,0.0,1 
0 18D6C7570E6C,-34,0.0,1 00B67094C501,-42,0.0,1 00B67094C502,-42,0.0,1 00B67094C500,-42,0.0,1 00B67094C503,-42,0.0,1 00B67094C50D,-45,0.0,1 F0B429ECF2F6,-47,0.0,1 9483C403204F,-48,0.0,1 A42BB0CDD434,-48,0.0,1 18D6C7570E6B,-54,0.0,1 20DA22FDAECD,-55,0.0,1 E4956E480DF8,-58,0.0,1 18D6C7570E6A,-59,0.0,1 A84041205EEC,-59,0.0,1 A42BB0CDCC0E,-60,0.0,1 9483C4032047,-60,0.0,1 E03F492B6934,-66,0.0,1 00B67065EDA1,-68,0.0,1 00F82C199C02,-68,0.0,1 00F82C199C01,-68,0.0,1 B66BFC3698E0,-69,0.0,1 00B67065EDA2,-69,0.0,1 A42BB0CDD433,-72,0.0,1 E4956E43DAD9,-74,0.0,1 68CAE43A6C21,-80,0.0,1 68CAE43A6C22,-80,0.0,1 68CAE43A6C23,-80,0.0,1 00B67065A8A2,-82,0.0,1 00B67065A8A3,-82,0.0,1 00B67065A8A1,-83,0.0,1 461CA8300B82,-88,0.0,1 CC32E52E33B2,-89,0.0,1 9801A7E8F14E,-96,0.0,1 
0 18D6C7570E6C,-34,0.0,1 00B67094C501,-42,0.0,1 00B67094C502,-42,0.0,1 00B67094C500,-42,0.0,1 00B67094C503,-42,0.0,1 00B67094C50D,-45,0.0,1 F0B429ECF2F6,-47,0.0,1 9483C403204F,-48,0.0,1 A42BB0CDD434,-48,0.0,1 18D6C7570E6B,-54,0.0,1 20DA22FDAECD,-55,0.0,1 E4956E480DF8,-58,0.0,1 18D6C7570E6A,-59,0.0,1 A84041205EEC,-59,0.0,1 A42BB0CDCC0E,-60,0.0,1 9483C4032047,-60,0.0,1 E03F492B6934,-66,0.0,1 00B67065EDA1,-68,0.0,1 00F82C199C02,-68,0.0,1 00F82C199C01,-68,0.0,1 B66BFC3698E0,-69,0.0,1 00B67065EDA2,-69,0.0,1 A42BB0CDD433,-72,0.0,1 E4956E43DAD9,-74,0.0,1 68CAE43A6C21,-80,0.0,1 68CAE43A6C22,-80,0.0,1 68CAE43A6C23,-80,0.0,1 00B67065A8A2,-82,0.0,1 00B67065A8A3,-82,0.0,1 00B67065A8A1,-83,0.0,1 461CA8300B82,-88,0.0,1 CC32E52E33B2,-89,0.0,1 9801A7E8F14E,-96,0.0,1 
0 A42BB0CDD434,-38,0.0,1 00B67094C501,-40,0.0,1 00B67094C502,-40,0.0,1 00B67094C500,-40,0.0,1 00B67094C503,-40,0.0,1 E4956E480DF8,-48,0.0,1 00B67094C50D,-49,0.0,1 F0B429ECF2F6,-49,0.0,1 18D6C7570E6B,-51,0.0,1 18D6C7570E6A,-53,0.0,1 20DA22FDAECD,-59,0.0,1 E03F492B6934,-63,0.0,1 A42BB0CDCC0E,-63,0.0,1 20DA22FDAED1,-65,0.0,1 9483C403204F,-67,0.0,1 B66BFC3698E0,-68,0.0,1 A42BB0CDD433,-69,0.0,1 00B67065EDA1,-69,0.0,1 00B67065EDA2,-71,0.0,1 00F82C199C02,-74,0.0,1 00F82C199C01,-74,0.0,1 68CAE43A6C22,-80,0.0,1 CC32E52E33B2,-86,0.0,1 
0 A42BB0CDD434,-38,0.0,1 00B67094C501,-40,0.0,1 00B67094C502,-40,0.0,1 00B67094C500,-40,0.0,1 00B67094C503,-40,0.0,1 E4956E480DF8,-48,0.0,1 00B67094C50D,-49,0.0,1 F0B429ECF2F6,-49,0.0,1 18D6C7570E6B,-51,0.0,1 18D6C7570E6A,-53,0.0,1 20DA22FDAECD,-59,0.0,1 E03F492B6934,-63,0.0,1 A42BB0CDCC0E,-63,0.0,1 20DA22FDAED1,-65,0.0,1 9483C403204F,-67,0.0,1 B66BFC3698E0,-68,0.0,1 A42BB0CDD433,-69,0.0,1 00B67065EDA1,-69,0.0,1 00B67065EDA2,-71,0.0,1 00F82C199C02,-74,0.0,1 00F82C199C01,-74,0.0,1 68CAE43A6C22,-80,0.0,1 CC32E52E33B2,-86,0.0,1 
0 A42BB0CDD434,-38,0.0,1 00B67094C501,-40,0.0,1 00B67094C502,-40,0.0,1 00B67094C500,-40,0.0,1 00B67094C503,-40,0.0,1 E4956E480DF8,-48,0.0,1 00B67094C50D,-49,0.0,1 F0B429ECF2F6,-49,0.0,1 18D6C7570E6B,-51,0.0,1 18D6C7570E6A,-53,0.0,1 20DA22FDAECD,-59,0.0,1 E03F492B6934,-63,0.0,1 A42BB0CDCC0E,-63,0.0,1 20DA22FDAED1,-65,0.0,1 9483C403204F,-67,0.0,1 B66BFC3698E0,-68,0.0,1 A42BB0CDD433,-69,0.0,1 00B67065EDA1,-69,0.0,1 00B67065EDA2,-71,0.0,1 00F82C199C02,-74,0.0,1 00F82C199C01,-74,0.0,1 68CAE43A6C22,-80,0.0,1 CC32E52E33B2,-86,0.0,1 
0 A42BB0CDD434,-38,0.0,1 00B67094C501,-40,0.0,1 00B67094C502,-40,0.0,1 00B67094C500,-40,0.0,1 00B67094C503,-40,0.0,1 E4956E480DF8,-48,0.0,1 00B67094C50D,-49,0.0,1 F0B429ECF2F6,-49,0.0,1 18D6C7570E6B,-51,0.0,1 18D6C7570E6A,-53,0.0,1 20DA22FDAECD,-59,0.0,1 E03F492B6934,-63,0.0,1 A42BB0CDCC0E,-63,0.0,1 20DA22FDAED1,-65,0.0,1 9483C403204F,-67,0.0,1 B66BFC3698E0,-68,0.0,1 A42BB0CDD433,-69,0.0,1 00B67065EDA1,-69,0.0,1 00B67065EDA2,-71,0.0,1 00F82C199C02,-74,0.0,1 00F82C199C01,-74,0.0,1 68CAE43A6C22,-80,0.0,1 CC32E52E33B2,-86,0.0,1 
0 A42BB0CDD434,-38,0.0,1 00B67094C501,-40,0.0,1 00B67094C502,-40,0.0,1 00B67094C500,-40,0.0,1 00B67094C503,-40,0.0,1 E4956E480DF8,-48,0.0,1 00B67094C50D,-49,0.0,1 F0B429ECF2F6,-49,0.0,1 18D6C7570E6B,-51,0.0,1 18D6C7570E6A,-53,0.0,1 20DA22FDAECD,-59,0.0,1 E03F492B6934,-63,0.0,1 A42BB0CDCC0E,-63,0.0,1 20DA22FDAED1,-65,0.0,1 9483C403204F,-67,0.0,1 B66BFC3698E0,-68,0.0,1 A42BB0CDD433,-69,0.0,1 00B67065EDA1,-69,0.0,1 00B67065EDA2,-71,0.0,1 00F82C199C02,-74,0.0,1 00F82C199C01,-74,0.0,1 68CAE43A6C22,-80,0.0,1 CC32E52E33B2,-86,0.0,1 
0 A42BB0CDD434,-38,0.0,1 00B67094C501,-40,0.0,1 00B67094C502,-40,0.0,1 00B67094C500,-40,0.0,1 00B67094C503,-40,0.0,1 E4956E480DF8,-48,0.0,1 00B67094C50D,-49,0.0,1 F0B429ECF2F6,-49,0.0,1 18D6C7570E6B,-51,0.0,1 18D6C7570E6A,-53,0.0,1 20DA22FDAECD,-59,0.0,1 E03F492B6934,-63,0.0,1 A42BB0CDCC0E,-63,0.0,1 20DA22FDAED1,-65,0.0,1 9483C403204F,-67,0.0,1 B66BFC3698E0,-68,0.0,1 A42BB0CDD433,-69,0.0,1 00B67065EDA1,-69,0.0,1 00B67065EDA2,-71,0.0,1 00F82C199C02,-74,0.0,1 00F82C199C01,-74,0.0,1 68CAE43A6C22,-80,0.0,1 CC32E52E33B2,-86,0.0,1 
0 A42BB0CDD434,-38,0.0,1 00B67094C501,-40,0.0,1 00B67094C502,-40,0.0,1 00B67094C500,-40,0.0,1 00B67094C503,-40,0.0,1 E4956E480DF8,-48,0.0,1 00B67094C50D,-49,0.0,1 F0B429ECF2F6,-49,0.0,1 18D6C7570E6B,-51,0.0,1 18D6C7570E6A,-53,0.0,1 20DA22FDAECD,-59,0.0,1 E03F492B6934,-63,0.0,1 A42BB0CDCC0E,-63,0.0,1 20DA22FDAED1,-65,0.0,1 9483C403204F,-67,0.0,1 B66BFC3698E0,-68,0.0,1 A42BB0CDD433,-69,0.0,1 00B67065EDA1,-69,0.0,1 00B67065EDA2,-71,0.0,1 00F82C199C02,-74,0.0,1 00F82C199C01,-74,0.0,1 68CAE43A6C22,-80,0.0,1 CC32E52E33B2,-86,0.0,1 
0 A42BB0CDD434,-38,0.0,1 00B67094C501,-40,0.0,1 00B67094C502,-40,0.0,1 00B67094C500,-40,0.0,1 00B67094C503,-40,0.0,1 E4956E480DF8,-48,0.0,1 00B67094C50D,-49,0.0,1 F0B429ECF2F6,-49,0.0,1 18D6C7570E6B,-51,0.0,1 18D6C7570E6A,-53,0.0,1 20DA22FDAECD,-59,0.0,1 E03F492B6934,-63,0.0,1 A42BB0CDCC0E,-63,0.0,1 20DA22FDAED1,-65,0.0,1 9483C403204F,-67,0.0,1 B66BFC3698E0,-68,0.0,1 A42BB0CDD433,-69,0.0,1 00B67065EDA1,-69,0.0,1 00B67065EDA2,-71,0.0,1 00F82C199C02,-74,0.0,1 00F82C199C01,-74,0.0,1 68CAE43A6C22,-80,0.0,1 CC32E52E33B2,-86,0.0,1 
0 A42BB0CDD434,-38,0.0,1 00B67094C501,-40,0.0,1 00B67094C502,-40,0.0,1 00B67094C500,-40,0.0,1 00B67094C503,-40,0.0,1 E4956E480DF8,-48,0.0,1 00B67094C50D,-49,0.0,1 F0B429ECF2F6,-49,0.0,1 18D6C7570E6B,-51,0.0,1 18D6C7570E6A,-53,0.0,1 20DA22FDAECD,-59,0.0,1 E03F492B6934,-63,0.0,1 A42BB0CDCC0E,-63,0.0,1 20DA22FDAED1,-65,0.0,1 9483C403204F,-67,0.0,1 B66BFC3698E0,-68,0.0,1 A42BB0CDD433,-69,0.0,1 00B67065EDA1,-69,0.0,1 00B67065EDA2,-71,0.0,1 00F82C199C02,-74,0.0,1 00F82C199C01,-74,0.0,1 68CAE43A6C22,-80,0.0,1 CC32E52E33B2,-86,0.0,1 
0 A42BB0CDD434,-38,0.0,1 00B67094C501,-40,0.0,1 00B67094C502,-40,0.0,1 00B67094C500,-40,0.0,1 00B67094C503,-40,0.0,1 E4956E480DF8,-48,0.0,1 00B67094C50D,-49,0.0,1 F0B429ECF2F6,-49,0.0,1 18D6C7570E6B,-51,0.0,1 18D6C7570E6A,-53,0.0,1 20DA22FDAECD,-59,0.0,1 E03F492B6934,-63,0.0,1 A42BB0CDCC0E,-63,0.0,1 20DA22FDAED1,-65,0.0,1 9483C403204F,-67,0.0,1 B66BFC3698E0,-68,0.0,1 A42BB0CDD433,-69,0.0,1 00B67065EDA1,-69,0.0,1 00B67065EDA2,-71,0.0,1 00F82C199C02,-74,0.0,1 00F82C199C01,-74,0.0,1 68CAE43A6C22,-80,0.0,1 CC32E52E33B2,-86,0.0,1 
0 A42BB0CDD434,-38,0.0,1 00B67094C501,-40,0.0,1 00B67094C502,-40,0.0,1 00B67094C500,-40,0.0,1 00B67094C503,-40,0.0,1 E4956E480DF8,-48,0.0,1 00B67094C50D,-49,0.0,1 F0B429ECF2F6,-49,0.0,1 18D6C7570E6B,-51,0.0,1 18D6C7570E6A,-53,0.0,1 20DA22FDAECD,-59,0.0,1 E03F492B6934,-63,0.0,1 A42BB0CDCC0E,-63,0.0,1 20DA22FDAED1,-65,0.0,1 9483C403204F,-67,0.0,1 B66BFC3698E0,-68,0.0,1 A42BB0CDD433,-69,0.0,1 00B67065EDA1,-69,0.0,1 00B67065EDA2,-71,0.0,1 00F82C199C02,-74,0.0,1 00F82C199C01,-74,0.0,1 68CAE43A6C22,-80,0.0,1 CC32E52E33B2,-86,0.0,1 
0 A42BB0CDD434,-38,0.0,1 00B67094C501,-40,0.0,1 00B67094C502,-40,0.0,1 00B67094C500,-40,0.0,1 00B67094C503,-40,0.0,1 E4956E480DF8,-48,0.0,1 00B67094C50D,-49,0.0,1 F0B429ECF2F6,-49,0.0,1 18D6C7570E6B,-51,0.0,1 18D6C7570E6A,-53,0.0,1 20DA22FDAECD,-59,0.0,1 E03F492B6934,-63,0.0,1 A42BB0CDCC0E,-63,0.0,1 20DA22FDAED1,-65,0.0,1 9483C403204F,-67,0.0,1 B66BFC3698E0,-68,0.0,1 A42BB0CDD433,-69,0.0,1 00B67065EDA1,-69,0.0,1 00B67065EDA2,-71,0.0,1 00F82C199C02,-74,0.0,1 00F82C199C01,-74,0.0,1 68CAE43A6C22,-80,0.0,1 CC32E52E33B2,-86,0.0,1 
0 A42BB0CDD434,-38,0.0,1 00B67094C501,-40,0.0,1 00B67094C502,-40,0.0,1 00B67094C500,-40,0.0,1 00B67094C503,-40,0.0,1 E4956E480DF8,-48,0.0,1 00B67094C50D,-49,0.0,1 F0B429ECF2F6,-49,0.0,1 18D6C7570E6B,-51,0.0,1 18D6C7570E6A,-53,0.0,1 20DA22FDAECD,-59,0.0,1 E03F492B6934,-63,0.0,1 A42BB0CDCC0E,-63,0.0,1 20DA22FDAED1,-65,0.0,1 9483C403204F,-67,0.0,1 B66BFC3698E0,-68,0.0,1 A42BB0CDD433,-69,0.0,1 00B67065EDA1,-69,0.0,1 00B67065EDA2,-71,0.0,1 00F82C199C02,-74,0.0,1 00F82C199C01,-74,0.0,1 68CAE43A6C22,-80,0.0,1 CC32E52E33B2,-86,0.0,1 
0 00B67094C50D,-47,0.0,1 18D6C7570E6A,-62,0.0,1 18D6C7570E6B,-64,0.0,1 A42BB0CDCC0E,-64,0.0,1 E03F492B6934,-69,0.0,1 B66BFC3698E0,-75,0.0,1 A42BB0CDD433,-76,0.0,1 
0 00B67094C50D,-47,0.0,1 18D6C7570E6A,-62,0.0,1 18D6C7570E6B,-64,0.0,1 A42BB0CDCC0E,-64,0.0,1 E03F492B6934,-69,0.0,1 B66BFC3698E0,-75,0.0,1 A42BB0CDD433,-76,0.0,1 
0 00B67094C50D,-47,0.0,1 18D6C7570E6A,-62,0.0,1 18D6C7570E6B,-64,0.0,1 A42BB0CDCC0E,-64,0.0,1 E03F492B6934,-69,0.0,1 B66BFC3698E0,-75,0.0,1 A42BB0CDD433,-76,0.0,1 
0 00B67094C50D,-47,0.0,1 18D6C7570E6A,-62,0.0,1 18D6C7570E6B,-64,0.0,1 A42BB0CDCC0E,-64,0.0,1 E03F492B6934,-69,0.0,1 B66BFC3698E0,-75,0.0,1 A42BB0CDD433,-76,0.0,1 
0 00B67094C50D,-47,0.0,1 18D6C7570E6A,-62,0.0,1 18D6C7570E6B,-64,0.0,1 A42BB0CDCC0E,-64,0.0,1 E03F492B6934,-69,0.0,1 B66BFC3698E0,-75,0.0,1 A42BB0CDD433,-76,0.0,1 
0 00B67094C50D,-47,0.0,1 18D6C7570E6A,-62,0.0,1 18D6C7570E6B,-64,0.0,1 A42BB0CDCC0E,-64,0.0,1 E03F492B6934,-69,0.0,1 B66BFC3698E0,-75,0.0,1 A42BB0CDD433,-76,0.0,1 
0 00B67094C50D,-47,0.0,1 18D6C7570E6A,-62,0.0,1 18D6C7570E6B,-64,0.0,1 A42BB0CDCC0E,-64,0.0,1 E03F492B6934,-69,0.0,1 B66BFC3698E0,-75,0.0,1 A42BB0CDD433,-76,0.0,1 
0 00B67094C50D,-47,0.0,1 18D6C7570E6A,-62,0.0,1 18D6C7570E6B,-64,0.0,1 A42BB0CDCC0E,-64,0.0,1 E03F492B6934,-69,0.0,1 B66BFC3698E0,-75,0.0,1 A42BB0CDD433,-76,0.0,1 
0 00B67094C50D,-47,0.0,1 18D6C7570E6A,-62,0.0,1 18D6C7570E6B,-64,0.0,1 A42BB0CDCC0E,-64,0.0,1 E03F492B6934,-69,0.0,1 B66BFC3698E0,-75,0.0,1 A42BB0CDD433,-76,0.0,1 
0 00B67094C50D,-47,0.0,1 18D6C7570E6A,-62,0.0,1 18D6C7570E6B,-64,0.0,1 A42BB0CDCC0E,-64,0.0,1 E03F492B6934,-69,0.0,1 B66BFC3698E0,-75,0.0,1 A42BB0CDD433,-76,0.0,1 
0 00B67094C50D,-47,0.0,1 18D6C7570E6A,-62,0.0,1 18D6C7570E6B,-64,0.0,1 A42BB0CDCC0E,-64,0.0,1 E03F492B6934,-69,0.0,1 B66BFC3698E0,-75,0.0,1 A42BB0CDD433,-76,0.0,1 
0 00B67094C50D,-47,0.0,1 18D6C7570E6A,-62,0.0,1 18D6C7570E6B,-64,0.0,1 A42BB0CDCC0E,-64,0.0,1 E03F492B6934,-69,0.0,1 B66BFC3698E0,-75,0.0,1 A42BB0CDD433,-76,0.0,1 
0 00B67094C50D,-47,0.0,1 18D6C7570E6A,-62,0.0,1 18D6C7570E6B,-64,0.0,1 A42BB0CDCC0E,-64,0.0,1 E03F492B6934,-69,0.0,1 B66BFC3698E0,-75,0.0,1 A42BB0CDD433,-76,0.0,1 
0 F0B429ECF2F6,-35,0.0,1 A42BB0CDD434,-41,0.0,1 18D6C7570E6B,-49,0.0,1 00B67094C502,-51,0.0,1 00B67094C501,-52,0.0,1 E4956E480DF8,-54,0.0,1 18D6C7570E6A,-55,0.0,1 9483C403204F,-58,0.0,1 9483C4032047,-61,0.0,1 00B67094C50D,-62,0.0,1 20DA22FDAECD,-62,0.0,1 E03F492B6934,-63,0.0,1 20DA22FDAED1,-63,0.0,1 00B67065EDA1,-66,0.0,1 00B67065EDA2,-66,0.0,1 A42BB0CDCC0E,-67,0.0,1 A84041205EEC,-67,0.0,1 00F82C199C01,-70,0.0,1 E4956E43DAD9,-70,0.0,1 00F82C199C02,-71,0.0,1 B66BFC3698E0,-73,0.0,1 C412F5C5BF48,-73,0.0,1 A42BB0CDD433,-75,0.0,1 CC32E52E33B2,-87,0.0,1 2824FF6941E7,-89,0.0,1 
0 F0B429ECF2F6,-35,0.0,1 A42BB0CDD434,-41,0.0,1 18D6C7570E6B,-49,0.0,1 00B67094C502,-51,0.0,1 00B67094C501,-52,0.0,1 E4956E480DF8,-54,0.0,1 18D6C7570E6A,-55,0.0,1 9483C403204F,-58,0.0,1 9483C4032047,-61,0.0,1 00B67094C50D,-62,0.0,1 20DA22FDAECD,-62,0.0,1 E03F492B6934,-63,0.0,1 20DA22FDAED1,-63,0.0,1 00B67065EDA1,-66,0.0,1 00B67065EDA2,-66,0.0,1 A42BB0CDCC0E,-67,0.0,1 A84041205EEC,-67,0.0,1 00F82C199C01,-70,0.0,1 E4956E43DAD9,-70,0.0,1 00F82C199C02,-71,0.0,1 B66BFC3698E0,-73,0.0,1 C412F5C5BF48,-73,0.0,1 A42BB0CDD433,-75,0.0,1 CC32E52E33B2,-87,0.0,1 2824FF6941E7,-89,0.0,1 
0 F0B429ECF2F6,-35,0.0,1 A42BB0CDD434,-41,0.0,1 18D6C7570E6B,-49,0.0,1 00B67094C502,-51,0.0,1 00B67094C501,-52,0.0,1 E4956E480DF8,-54,0.0,1 18D6C7570E6A,-55,0.0,1 9483C403204F,-58,0.0,1 9483C4032047,-61,0.0,1 00B67094C50D,-62,0.0,1 20DA22FDAECD,-62,0.0,1 E03F492B6934,-63,0.0,1 20DA22FDAED1,-63,0.0,1 00B67065EDA1,-66,0.0,1 00B67065EDA2,-66,0.0,1 A42BB0CDCC0E,-67,0.0,1 A84041205EEC,-67,0.0,1 00F82C199C01,-70,0.0,1 E4956E43DAD9,-70,0.0,1 00F82C199C02,-71,0.0,1 B66BFC3698E0,-73,0.0,1 C412F5C5BF48,-73,0.0,1 A42BB0CDD433,-75,0.0,1 CC32E52E33B2,-87,0.0,1 2824FF6941E7,-89,0.0,1 
0 F0B429ECF2F6,-35,0.0,1 A42BB0CDD434,-41,0.0,1 18D6C7570E6B,-49,0.0,1 00B67094C502,-51,0.0,1 00B67094C501,-52,0.0,1 E4956E480DF8,-54,0.0,1 18D6C7570E6A,-55,0.0,1 9483C403204F,-58,0.0,1 9483C4032047,-61,0.0,1 00B67094C50D,-62,0.0,1 20DA22FDAECD,-62,0.0,1 E03F492B6934,-63,0.0,1 20DA22FDAED1,-63,0.0,1 00B67065EDA1,-66,0.0,1 00B67065EDA2,-66,0.0,1 A42BB0CDCC0E,-67,0.0,1 A84041205EEC,-67,0.0,1 00F82C199C01,-70,0.0,1 E4956E43DAD9,-70,0.0,1 00F82C199C02,-71,0.0,1 B66BFC3698E0,-73,0.0,1 C412F5C5BF48,-73,0.0,1 A42BB0CDD433,-75,0.0,1 CC32E52E33B2,-87,0.0,1 2824FF6941E7,-89,0.0,1 
0 F0B429ECF2F6,-35,0.0,1 A42BB0CDD434,-41,0.0,1 18D6C7570E6B,-49,0.0,1 00B67094C502,-51,0.0,1 00B67094C501,-52,0.0,1 E4956E480DF8,-54,0.0,1 18D6C7570E6A,-55,0.0,1 9483C403204F,-58,0.0,1 9483C4032047,-61,0.0,1 00B67094C50D,-62,0.0,1 20DA22FDAECD,-62,0.0,1 E03F492B6934,-63,0.0,1 20DA22FDAED1,-63,0.0,1 00B67065EDA1,-66,0.0,1 00B67065EDA2,-66,0.0,1 A42BB0CDCC0E,-67,0.0,1 A84041205EEC,-67,0.0,1 00F82C199C01,-70,0.0,1 E4956E43DAD9,-70,0.0,1 00F82C199C02,-71,0.0,1 B66BFC3698E0,-73,0.0,1 C412F5C5BF48,-73,0.0,1 A42BB0CDD433,-75,0.0,1 CC32E52E33B2,-87,0.0,1 2824FF6941E7,-89,0.0,1 
0 F0B429ECF2F6,-35,0.0,1 A42BB0CDD434,-41,0.0,1 18D6C7570E6B,-49,0.0,1 00B67094C502,-51,0.0,1 00B67094C501,-52,0.0,1 E4956E480DF8,-54,0.0,1 18D6C7570E6A,-55,0.0,1 9483C403204F,-58,0.0,1 9483C4032047,-61,0.0,1 00B67094C50D,-62,0.0,1 20DA22FDAECD,-62,0.0,1 E03F492B6934,-63,0.0,1 20DA22FDAED1,-63,0.0,1 00B67065EDA1,-66,0.0,1 00B67065EDA2,-66,0.0,1 A42BB0CDCC0E,-67,0.0,1 A84041205EEC,-67,0.0,1 00F82C199C01,-70,0.0,1 E4956E43DAD9,-70,0.0,1 00F82C199C02,-71,0.0,1 B66BFC3698E0,-73,0.0,1 C412F5C5BF48,-73,0.0,1 A42BB0CDD433,-75,0.0,1 CC32E52E33B2,-87,0.0,1 2824FF6941E7,-89,0.0,1 
0 F0B429ECF2F6,-35,0.0,1 A42BB0CDD434,-41,0.0,1 18D6C7570E6B,-49,0.0,1 00B67094C502,-51,0.0,1 00B67094C501,-52,0.0,1 E4956E480DF8,-54,0.0,1 18D6C7570E6A,-55,0.0,1 9483C403204F,-58,0.0,1 9483C4032047,-61,0.0,1 00B67094C50D,-62,0.0,1 20DA22FDAECD,-62,0.0,1 E03F492B6934,-63,0.0,1 20DA22FDAED1,-63,0.0,1 00B67065EDA1,-66,0.0,1 00B67065EDA2,-66,0.0,1 A42BB0CDCC0E,-67,0.0,1 A84041205EEC,-67,0.0,1 00F82C199C01,-70,0.0,1 E4956E43DAD9,-70,0.0,1 00F82C199C02,-71,0.0,1 B66BFC3698E0,-73,0.0,1 C412F5C5BF48,-73,0.0,1 A42BB0CDD433,-75,0.0,1 CC32E52E33B2,-87,0.0,1 2824FF6941E7,-89,0.0,1 
0 F0B429ECF2F6,-35,0.0,1 A42BB0CDD434,-41,0.0,1 18D6C7570E6B,-49,0.0,1 00B67094C502,-51,0.0,1 00B67094C501,-52,0.0,1 E4956E480DF8,-54,0.0,1 18D6C7570E6A,-55,0.0,1 9483C403204F,-58,0.0,1 9483C4032047,-61,0.0,1 00B67094C50D,-62,0.0,1 20DA22FDAECD,-62,0.0,1 E03F492B6934,-63,0.0,1 20DA22FDAED1,-63,0.0,1 00B67065EDA1,-66,0.0,1 00B67065EDA2,-66,0.0,1 A42BB0CDCC0E,-67,0.0,1 A84041205EEC,-67,0.0,1 00F82C199C01,-70,0.0,1 E4956E43DAD9,-70,0.0,1 00F82C199C02,-71,0.0,1 B66BFC3698E0,-73,0.0,1 C412F5C5BF48,-73,0.0,1 A42BB0CDD433,-75,0.0,1 CC32E52E33B2,-87,0.0,1 2824FF6941E7,-89,0.0,1 
0 F0B429ECF2F6,-35,0.0,1 A42BB0CDD434,-41,0.0,1 18D6C7570E6B,-49,0.0,1 00B67094C502,-51,0.0,1 00B67094C501,-52,0.0,1 E4956E480DF8,-54,0.0,1 18D6C7570E6A,-55,0.0,1 9483C403204F,-58,0.0,1 9483C4032047,-61,0.0,1 00B67094C50D,-62,0.0,1 20DA22FDAECD,-62,0.0,1 E03F492B6934,-63,0.0,1 20DA22FDAED1,-63,0.0,1 00B67065EDA1,-66,0.0,1 00B67065EDA2,-66,0.0,1 A42BB0CDCC0E,-67,0.0,1 A84041205EEC,-67,0.0,1 00F82C199C01,-70,0.0,1 E4956E43DAD9,-70,0.0,1 00F82C199C02,-71,0.0,1 B66BFC3698E0,-73,0.0,1 C412F5C5BF48,-73,0.0,1 A42BB0CDD433,-75,0.0,1 CC32E52E33B2,-87,0.0,1 2824FF6941E7,-89,0.0,1 
0 F0B429ECF2F6,-35,0.0,1 A42BB0CDD434,-41,0.0,1 18D6C7570E6B,-49,0.0,1 00B67094C502,-51,0.0,1 00B67094C501,-52,0.0,1 E4956E480DF8,-54,0.0,1 18D6C7570E6A,-55,0.0,1 9483C403204F,-58,0.0,1 9483C4032047,-61,0.0,1 00B67094C50D,-62,0.0,1 20DA22FDAECD,-62,0.0,1 E03F492B6934,-63,0.0,1 20DA22FDAED1,-63,0.0,1 00B67065EDA1,-66,0.0,1 00B67065EDA2,-66,0.0,1 A42BB0CDCC0E,-67,0.0,1 A84041205EEC,-67,0.0,1 00F82C199C01,-70,0.0,1 E4956E43DAD9,-70,0.0,1 00F82C199C02,-71,0.0,1 B66BFC3698E0,-73,0.0,1 C412F5C5BF48,-73,0.0,1 A42BB0CDD433,-75,0.0,1 CC32E52E33B2,-87,0.0,1 2824FF6941E7,-89,0.0,1 
0 F0B429ECF2F6,-35,0.0,1 A42BB0CDD434,-41,0.0,1 18D6C7570E6B,-49,0.0,1 00B67094C502,-51,0.0,1 00B67094C501,-52,0.0,1 E4956E480DF8,-54,0.0,1 18D6C7570E6A,-55,0.0,1 9483C403204F,-58,0.0,1 9483C4032047,-61,0.0,1 00B67094C50D,-62,0.0,1 20DA22FDAECD,-62,0.0,1 E03F492B6934,-63,0.0,1 20DA22FDAED1,-63,0.0,1 00B67065EDA1,-66,0.0,1 00B67065EDA2,-66,0.0,1 A42BB0CDCC0E,-67,0.0,1 A84041205EEC,-67,0.0,1 00F82C199C01,-70,0.0,1 E4956E43DAD9,-70,0.0,1 00F82C199C02,-71,0.0,1 B66BFC3698E0,-73,0.0,1 C412F5C5BF48,-73,0.0,1 A42BB0CDD433,-75,0.0,1 CC32E52E33B2,-87,0.0,1 2824FF6941E7,-89,0.0,1 
0 F0B429ECF2F6,-35,0.0,1 A42BB0CDD434,-41,0.0,1 18D6C7570E6B,-49,0.0,1 00B67094C502,-51,0.0,1 00B67094C501,-52,0.0,1 E4956E480DF8,-54,0.0,1 18D6C7570E6A,-55,0.0,1 9483C403204F,-58,0.0,1 9483C4032047,-61,0.0,1 00B67094C50D,-62,0.0,1 20DA22FDAECD,-62,0.0,1 E03F492B6934,-63,0.0,1 20DA22FDAED1,-63,0.0,1 00B67065EDA1,-66,0.0,1 00B67065EDA2,-66,0.0,1 A42BB0CDCC0E,-67,0.0,1 A84041205EEC,-67,0.0,1 00F82C199C01,-70,0.0,1 E4956E43DAD9,-70,0.0,1 00F82C199C02,-71,0.0,1 B66BFC3698E0,-73,0.0,1 C412F5C5BF48,-73,0.0,1 A42BB0CDD433,-75,0.0,1 CC32E52E33B2,-87,0.0,1 2824FF6941E7,-89,0.0,1 
0 F0B429ECF2F6,-35,0.0,1 A42BB0CDD434,-41,0.0,1 18D6C7570E6B,-49,0.0,1 00B67094C502,-51,0.0,1 00B67094C501,-52,0.0,1 E4956E480DF8,-54,0.0,1 18D6C7570E6A,-55,0.0,1 9483C403204F,-58,0.0,1 9483C4032047,-61,0.0,1 00B67094C50D,-62,0.0,1 20DA22FDAECD,-62,0.0,1 E03F492B6934,-63,0.0,1 20DA22FDAED1,-63,0.0,1 00B67065EDA1,-66,0.0,1 00B67065EDA2,-66,0.0,1 A42BB0CDCC0E,-67,0.0,1 A84041205EEC,-67,0.0,1 00F82C199C01,-70,0.0,1 E4956E43DAD9,-70,0.0,1 00F82C199C02,-71,0.0,1 B66BFC3698E0,-73,0.0,1 C412F5C5BF48,-73,0.0,1 A42BB0CDD433,-75,0.0,1 CC32E52E33B2,-87,0.0,1 2824FF6941E7,-89,0.0,1 
0 18D6C7570E6C,-21,0.0,1 18D6C7570E6B,-35,0.0,1 18D6C7570E6A,-36,0.0,1 00B67094C50D,-45,0.0,1 20DA22FDAECD,-46,0.0,1 E4956E480DF8,-47,0.0,1 A42BB0CDD434,-51,0.0,1 A42BB0CDCC0E,-53,0.0,1 9483C403204F,-53,0.0,1 00B67094C501,-59,0.0,1 00B67094C502,-59,0.0,1 E03F492B6934,-61,0.0,1 A84041205EEC,-61,0.0,1 F0B429ECF2F6,-62,0.0,1 B66BFC3698E0,-68,0.0,1 00B67065EDA2,-75,0.0,1 A42BB0CDD433,-76,0.0,1 2824FF6941E7,-78,0.0,1 CC32E52E33B2,-80,0.0,1 68CAE43A6C22,-80,0.0,1 68CAE43A6C21,-81,0.0,1 
0 18D6C7570E6C,-21,0.0,1 18D6C7570E6B,-35,0.0,1 18D6C7570E6A,-36,0.0,1 00B67094C50D,-45,0.0,1 20DA22FDAECD,-46,0.0,1 E4956E480DF8,-47,0.0,1 A42BB0CDD434,-51,0.0,1 A42BB0CDCC0E,-53,0.0,1 9483C403204F,-53,0.0,1 00B67094C501,-59,0.0,1 00B67094C502,-59,0.0,1 E03F492B6934,-61,0.0,1 A84041205EEC,-61,0.0,1 F0B429ECF2F6,-62,0.0,1 B66BFC3698E0,-68,0.0,1 00B67065EDA2,-75,0.0,1 A42BB0CDD433,-76,0.0,1 2824FF6941E7,-78,0.0,1 CC32E52E33B2,-80,0.0,1 68CAE43A6C22,-80,0.0,1 68CAE43A6C21,-81,0.0,1 
0 18D6C7570E6C,-21,0.0,1 18D6C7570E6B,-35,0.0,1 18D6C7570E6A,-36,0.0,1 00B67094C50D,-45,0.0,1 20DA22FDAECD,-46,0.0,1 E4956E480DF8,-47,0.0,1 A42BB0CDD434,-51,0.0,1 A42BB0CDCC0E,-53,0.0,1 9483C403204F,-53,0.0,1 00B67094C501,-59,0.0,1 00B67094C502,-59,0.0,1 E03F492B6934,-61,0.0,1 A84041205EEC,-61,0.0,1 F0B429ECF2F6,-62,0.0,1 B66BFC3698E0,-68,0.0,1 00B67065EDA2,-75,0.0,1 A42BB0CDD433,-76,0.0,1 2824FF6941E7,-78,0.0,1 CC32E52E33B2,-80,0.0,1 68CAE43A6C22,-80,0.0,1 68CAE43A6C21,-81,0.0,1 
0 18D6C7570E6C,-21,0.0,1 18D6C7570E6B,-35,0.0,1 18D6C7570E6A,-36,0.0,1 00B67094C50D,-45,0.0,1 20DA22FDAECD,-46,0.0,1 E4956E480DF8,-47,0.0,1 A42BB0CDD434,-51,0.0,1 A42BB0CDCC0E,-53,0.0,1 9483C403204F,-53,0.0,1 00B67094C501,-59,0.0,1 00B67094C502,-59,0.0,1 E03F492B6934,-61,0.0,1 A84041205EEC,-61,0.0,1 F0B429ECF2F6,-62,0.0,1 B66BFC3698E0,-68,0.0,1 00B67065EDA2,-75,0.0,1 A42BB0CDD433,-76,0.0,1 2824FF6941E7,-78,0.0,1 CC32E52E33B2,-80,0.0,1 68CAE43A6C22,-80,0.0,1 68CAE43A6C21,-81,0.0,1 
0 18D6C7570E6C,-21,0.0,1 18D6C7570E6B,-35,0.0,1 18D6C7570E6A,-36,0.0,1 00B67094C50D,-45,0.0,1 20DA22FDAECD,-46,0.0,1 E4956E480DF8,-47,0.0,1 A42BB0CDD434,-51,0.0,1 A42BB0CDCC0E,-53,0.0,1 9483C403204F,-53,0.0,1 00B67094C501,-59,0.0,1 00B67094C502,-59,0.0,1 E03F492B6934,-61,0.0,1 A84041205EEC,-61,0.0,1 F0B429ECF2F6,-62,0.0,1 B66BFC3698E0,-68,0.0,1 00B67065EDA2,-75,0.0,1 A42BB0CDD433,-76,0.0,1 2824FF6941E7,-78,0.0,1 CC32E52E33B2,-80,0.0,1 68CAE43A6C22,-80,0.0,1 68CAE43A6C21,-81,0.0,1 
0 18D6C7570E6C,-21,0.0,1 18D6C7570E6B,-35,0.0,1 18D6C7570E6A,-36,0.0,1 00B67094C50D,-45,0.0,1 20DA22FDAECD,-46,0.0,1 E4956E480DF8,-47,0.0,1 A42BB0CDD434,-51,0.0,1 A42BB0CDCC0E,-53,0.0,1 9483C403204F,-53,0.0,1 00B67094C501,-59,0.0,1 00B67094C502,-59,0.0,1 E03F492B6934,-61,0.0,1 A84041205EEC,-61,0.0,1 F0B429ECF2F6,-62,0.0,1 B66BFC3698E0,-68,0.0,1 00B67065EDA2,-75,0.0,1 A42BB0CDD433,-76,0.0,1 2824FF6941E7,-78,0.0,1 CC32E52E33B2,-80,0.0,1 68CAE43A6C22,-80,0.0,1 68CAE43A6C21,-81,0.0,1 
0 18D6C7570E6C,-21,0.0,1 18D6C7570E6B,-35,0.0,1 18D6C7570E6A,-36,0.0,1 00B67094C50D,-45,0.0,1 20DA22FDAECD,-46,0.0,1 E4956E480DF8,-47,0.0,1 A42BB0CDD434,-51,0.0,1 A42BB0CDCC0E,-53,0.0,1 9483C403204F,-53,0.0,1 00B67094C501,-59,0.0,1 00B67094C502,-59,0.0,1 E03F492B6934,-61,0.0,1 A84041205EEC,-61,0.0,1 F0B429ECF2F6,-62,0.0,1 B66BFC3698E0,-68,0.0,1 00B67065EDA2,-75,0.0,1 A42BB0CDD433,-76,0.0,1 2824FF6941E7,-78,0.0,1 CC32E52E33B2,-80,0.0,1 68CAE43A6C22,-80,0.0,1 68CAE43A6C21,-81,0.0,1 
0 18D6C7570E6C,-21,0.0,1 18D6C7570E6B,-35,0.0,1 18D6C7570E6A,-36,0.0,1 00B67094C50D,-45,0.0,1 20DA22FDAECD,-46,0.0,1 E4956E480DF8,-47,0.0,1 A42BB0CDD434,-51,0.0,1 A42BB0CDCC0E,-53,0.0,1 9483C403204F,-53,0.0,1 00B67094C501,-59,0.0,1 00B67094C502,-59,0.0,1 E03F492B6934,-61,0.0,1 A84041205EEC,-61,0.0,1 F0B429ECF2F6,-62,0.0,1 B66BFC3698E0,-68,0.0,1 00B67065EDA2,-75,0.0,1 A42BB0CDD433,-76,0.0,1 2824FF6941E7,-78,0.0,1 CC32E52E33B2,-80,0.0,1 68CAE43A6C22,-80,0.0,1 68CAE43A6C21,-81,0.0,1 
0 18D6C7570E6C,-21,0.0,1 18D6C7570E6B,-35,0.0,1 18D6C7570E6A,-36,0.0,1 00B67094C50D,-45,0.0,1 20DA22FDAECD,-46,0.0,1 E4956E480DF8,-47,0.0,1 A42BB0CDD434,-51,0.0,1 A42BB0CDCC0E,-53,0.0,1 9483C403204F,-53,0.0,1 00B67094C501,-59,0.0,1 00B67094C502,-59,0.0,1 E03F492B6934,-61,0.0,1 A84041205EEC,-61,0.0,1 F0B429ECF2F6,-62,0.0,1 B66BFC3698E0,-68,0.0,1 00B67065EDA2,-75,0.0,1 A42BB0CDD433,-76,0.0,1 2824FF6941E7,-78,0.0,1 CC32E52E33B2,-80,0.0,1 68CAE43A6C22,-80,0.0,1 68CAE43A6C21,-81,0.0,1 
0 18D6C7570E6C,-21,0.0,1 18D6C7570E6B,-35,0.0,1 18D6C7570E6A,-36,0.0,1 00B67094C50D,-45,0.0,1 20DA22FDAECD,-46,0.0,1 E4956E480DF8,-47,0.0,1 A42BB0CDD434,-51,0.0,1 A42BB0CDCC0E,-53,0.0,1 9483C403204F,-53,0.0,1 00B67094C501,-59,0.0,1 00B67094C502,-59,0.0,1 E03F492B6934,-61,0.0,1 A84041205EEC,-61,0.0,1 F0B429ECF2F6,-62,0.0,1 B66BFC3698E0,-68,0.0,1 00B67065EDA2,-75,0.0,1 A42BB0CDD433,-76,0.0,1 2824FF6941E7,-78,0.0,1 CC32E52E33B2,-80,0.0,1 68CAE43A6C22,-80,0.0,1 68CAE43A6C21,-81,0.0,1 
0 18D6C7570E6C,-21,0.0,1 18D6C7570E6B,-35,0.0,1 18D6C7570E6A,-36,0.0,1 00B67094C50D,-45,0.0,1 20DA22FDAECD,-46,0.0,1 E4956E480DF8,-47,0.0,1 A42BB0CDD434,-51,0.0,1 A42BB0CDCC0E,-53,0.0,1 9483C403204F,-53,0.0,1 00B67094C501,-59,0.0,1 00B67094C502,-59,0.0,1 E03F492B6934,-61,0.0,1 A84041205EEC,-61,0.0,1 F0B429ECF2F6,-62,0.0,1 B66BFC3698E0,-68,0.0,1 00B67065EDA2,-75,0.0,1 A42BB0CDD433,-76,0.0,1 2824FF6941E7,-78,0.0,1 CC32E52E33B2,-80,0.0,1 68CAE43A6C22,-80,0.0,1 68CAE43A6C21,-81,0.0,1 
0 18D6C7570E6C,-21,0.0,1 18D6C7570E6B,-35,0.0,1 18D6C7570E6A,-36,0.0,1 00B67094C50D,-45,0.0,1 20DA22FDAECD,-46,0.0,1 E4956E480DF8,-47,0.0,1 A42BB0CDD434,-51,0.0,1 A42BB0CDCC0E,-53,0.0,1 9483C403204F,-53,0.0,1 00B67094C501,-59,0.0,1 00B67094C502,-59,0.0,1 E03F492B6934,-61,0.0,1 A84041205EEC,-61,0.0,1 F0B429ECF2F6,-62,0.0,1 B66BFC3698E0,-68,0.0,1 00B67065EDA2,-75,0.0,1 A42BB0CDD433,-76,0.0,1 2824FF6941E7,-78,0.0,1 CC32E52E33B2,-80,0.0,1 68CAE43A6C22,-80,0.0,1 68CAE43A6C21,-81,0.0,1 
0 18D6C7570E6C,-21,0.0,1 18D6C7570E6B,-35,0.0,1 18D6C7570E6A,-36,0.0,1 00B67094C50D,-45,0.0,1 20DA22FDAECD,-46,0.0,1 E4956E480DF8,-47,0.0,1 A42BB0CDD434,-51,0.0,1 A42BB0CDCC0E,-53,0.0,1 9483C403204F,-53,0.0,1 00B67094C501,-59,0.0,1 00B67094C502,-59,0.0,1 E03F492B6934,-61,0.0,1 A84041205EEC,-61,0.0,1 F0B429ECF2F6,-62,0.0,1 B66BFC3698E0,-68,0.0,1 00B67065EDA2,-75,0.0,1 A42BB0CDD433,-76,0.0,1 2824FF6941E7,-78,0.0,1 CC32E52E33B2,-80,0.0,1 68CAE43A6C22,-80,0.0,1 68CAE43A6C21,-81,0.0,1 
0 F0B429ECF2F6,-41,0.0,1 A42BB0CDD434,-42,0.0,1 00B67094C501,-48,0.0,1 00B67094C502,-48,0.0,1 9483C403204F,-51,0.0,1 A84041205EEC,-52,0.0,1 18D6C7570E6B,-54,0.0,1 18D6C7570E6A,-55,0.0,1 E4956E480DF8,-57,0.0,1 A42BB0CDCC0E,-63,0.0,1 00B67065EDA2,-63,0.0,1 E03F492B6934,-64,0.0,1 20DA22FDAECD,-64,0.0,1 00B67065EDA1,-64,0.0,1 00B67065EDA3,-64,0.0,1 00B67094C50D,-65,0.0,1 00B67065EDA0,-66,0.0,1 20DA22FDAED1,-66,0.0,1 A42BB0CDD433,-68,0.0,1 B66BFC3698E0,-70,0.0,1 00F82C199C02,-70,0.0,1 00F82C199C01,-71,0.0,1 CC32E52E33B2,-87,0.0,1 
0 F0B429ECF2F6,-41,0.0,1 A42BB0CDD434,-42,0.0,1 00B67094C501,-48,0.0,1 00B67094C502,-48,0.0,1 9483C403204F,-51,0.0,1 A84041205EEC,-52,0.0,1 18D6C7570E6B,-54,0.0,1 18D6C7570E6A,-55,0.0,1 E4956E480DF8,-57,0.0,1 A42BB0CDCC0E,-63,0.0,1 00B67065EDA2,-63,0.0,1 E03F492B6934,-64,0.0,1 20DA22FDAECD,-64,0.0,1 00B67065EDA1,-64,0.0,1 00B67065EDA3,-64,0.0,1 00B67094C50D,-65,0.0,1 00B67065EDA0,-66,0.0,1 20DA22FDAED1,-66,0.0,1 A42BB0CDD433,-68,0.0,1 B66BFC3698E0,-70,0.0,1 00F82C199C02,-70,0.0,1 00F82C199C01,-71,0.0,1 CC32E52E33B2,-87,0.0,1 
0 F0B429ECF2F6,-41,0.0,1 A42BB0CDD434,-42,0.0,1 00B67094C501,-48,0.0,1 00B67094C502,-48,0.0,1 9483C403204F,-51,0.0,1 A84041205EEC,-52,0.0,1 18D6C7570E6B,-54,0.0,1 18D6C7570E6A,-55,0.0,1 E4956E480DF8,-57,0.0,1 A42BB0CDCC0E,-63,0.0,1 00B67065EDA2,-63,0.0,1 E03F492B6934,-64,0.0,1 20DA22FDAECD,-64,0.0,1 00B67065EDA1,-64,0.0,1 00B67065EDA3,-64,0.0,1 00B67094C50D,-65,0.0,1 00B67065EDA0,-66,0.0,1 20DA22FDAED1,-66,0.0,1 A42BB0CDD433,-68,0.0,1 B66BFC3698E0,-70,0.0,1 00F82C199C02,-70,0.0,1 00F82C199C01,-71,0.0,1 CC32E52E33B2,-87,0.0,1 
0 F0B429ECF2F6,-41,0.0,1 A42BB0CDD434,-42,0.0,1 00B67094C501,-48,0.0,1 00B67094C502,-48,0.0,1 9483C403204F,-51,0.0,1 A84041205EEC,-52,0.0,1 18D6C7570E6B,-54,0.0,1 18D6C7570E6A,-55,0.0,1 E4956E480DF8,-57,0.0,1 A42BB0CDCC0E,-63,0.0,1 00B67065EDA2,-63,0.0,1 E03F492B6934,-64,0.0,1 20DA22FDAECD,-64,0.0,1 00B67065EDA1,-64,0.0,1 00B67065EDA3,-64,0.0,1 00B67094C50D,-65,0.0,1 00B67065EDA0,-66,0.0,1 20DA22FDAED1,-66,0.0,1 A42BB0CDD433,-68,0.0,1 B66BFC3698E0,-70,0.0,1 00F82C199C02,-70,0.0,1 00F82C199C01,-71,0.0,1 CC32E52E33B2,-87,0.0,1 
0 F0B429ECF2F6,-41,0.0,1 A42BB0CDD434,-42,0.0,1 00B67094C501,-48,0.0,1 00B67094C502,-48,0.0,1 9483C403204F,-51,0.0,1 A84041205EEC,-52,0.0,1 18D6C7570E6B,-54,0.0,1 18D6C7570E6A,-55,0.0,1 E4956E480DF8,-57,0.0,1 A42BB0CDCC0E,-63,0.0,1 00B67065EDA2,-63,0.0,1 E03F492B6934,-64,0.0,1 20DA22FDAECD,-64,0.0,1 00B67065EDA1,-64,0.0,1 00B67065EDA3,-64,0.0,1 00B67094C50D,-65,0.0,1 00B67065EDA0,-66,0.0,1 20DA22FDAED1,-66,0.0,1 A42BB0CDD433,-68,0.0,1 B66BFC3698E0,-70,0.0,1 00F82C199C02,-70,0.0,1 00F82C199C01,-71,0.0,1 CC32E52E33B2,-87,0.0,1 
0 F0B429ECF2F6,-41,0.0,1 A42BB0CDD434,-42,0.0,1 00B67094C501,-48,0.0,1 00B67094C502,-48,0.0,1 9483C403204F,-51,0.0,1 A84041205EEC,-52,0.0,1 18D6C7570E6B,-54,0.0,1 18D6C7570E6A,-55,0.0,1 E4956E480DF8,-57,0.0,1 A42BB0CDCC0E,-63,0.0,1 00B67065EDA2,-63,0.0,1 E03F492B6934,-64,0.0,1 20DA22FDAECD,-64,0.0,1 00B67065EDA1,-64,0.0,1 00B67065EDA3,-64,0.0,1 00B67094C50D,-65,0.0,1 00B67065EDA0,-66,0.0,1 20DA22FDAED1,-66,0.0,1 A42BB0CDD433,-68,0.0,1 B66BFC3698E0,-70,0.0,1 00F82C199C02,-70,0.0,1 00F82C199C01,-71,0.0,1 CC32E52E33B2,-87,0.0,1 
0 F0B429ECF2F6,-41,0.0,1 A42BB0CDD434,-42,0.0,1 00B67094C501,-48,0.0,1 00B67094C502,-48,0.0,1 9483C403204F,-51,0.0,1 A84041205EEC,-52,0.0,1 18D6C7570E6B,-54,0.0,1 18D6C7570E6A,-55,0.0,1 E4956E480DF8,-57,0.0,1 A42BB0CDCC0E,-63,0.0,1 00B67065EDA2,-63,0.0,1 E03F492B6934,-64,0.0,1 20DA22FDAECD,-64,0.0,1 00B67065EDA1,-64,0.0,1 00B67065EDA3,-64,0.0,1 00B67094C50D,-65,0.0,1 00B67065EDA0,-66,0.0,1 20DA22FDAED1,-66,0.0,1 A42BB0CDD433,-68,0.0,1 B66BFC3698E0,-70,0.0,1 00F82C199C02,-70,0.0,1 00F82C199C01,-71,0.0,1 CC32E52E33B2,-87,0.0,1 
0 F0B429ECF2F6,-41,0.0,1 A42BB0CDD434,-42,0.0,1 00B67094C501,-48,0.0,1 00B67094C502,-48,0.0,1 9483C403204F,-51,0.0,1 A84041205EEC,-52,0.0,1 18D6C7570E6B,-54,0.0,1 18D6C7570E6A,-55,0.0,1 E4956E480DF8,-57,0.0,1 A42BB0CDCC0E,-63,0.0,1 00B67065EDA2,-63,0.0,1 E03F492B6934,-64,0.0,1 20DA22FDAECD,-64,0.0,1 00B67065EDA1,-64,0.0,1 00B67065EDA3,-64,0.0,1 00B67094C50D,-65,0.0,1 00B67065EDA0,-66,0.0,1 20DA22FDAED1,-66,0.0,1 A42BB0CDD433,-68,0.0,1 B66BFC3698E0,-70,0.0,1 00F82C199C02,-70,0.0,1 00F82C199C01,-71,0.0,1 CC32E52E33B2,-87,0.0,1 
0 F0B429ECF2F6,-41,0.0,1 A42BB0CDD434,-42,0.0,1 00B67094C501,-48,0.0,1 00B67094C502,-48,0.0,1 9483C403204F,-51,0.0,1 A84041205EEC,-52,0.0,1 18D6C7570E6B,-54,0.0,1 18D6C7570E6A,-55,0.0,1 E4956E480DF8,-57,0.0,1 A42BB0CDCC0E,-63,0.0,1 00B67065EDA2,-63,0.0,1 E03F492B6934,-64,0.0,1 20DA22FDAECD,-64,0.0,1 00B67065EDA1,-64,0.0,1 00B67065EDA3,-64,0.0,1 00B67094C50D,-65,0.0,1 00B67065EDA0,-66,0.0,1 20DA22FDAED1,-66,0.0,1 A42BB0CDD433,-68,0.0,1 B66BFC3698E0,-70,0.0,1 00F82C199C02,-70,0.0,1 00F82C199C01,-71,0.0,1 CC32E52E33B2,-87,0.0,1 
0 F0B429ECF2F6,-41,0.0,1 A42BB0CDD434,-42,0.0,1 00B67094C501,-48,0.0,1 00B67094C502,-48,0.0,1 9483C403204F,-51,0.0,1 A84041205EEC,-52,0.0,1 18D6C7570E6B,-54,0.0,1 18D6C7570E6A,-55,0.0,1 E4956E480DF8,-57,0.0,1 A42BB0CDCC0E,-63,0.0,1 00B67065EDA2,-63,0.0,1 E03F492B6934,-64,0.0,1 20DA22FDAECD,-64,0.0,1 00B67065EDA1,-64,0.0,1 00B67065EDA3,-64,0.0,1 00B67094C50D,-65,0.0,1 00B67065EDA0,-66,0.0,1 20DA22FDAED1,-66,0.0,1 A42BB0CDD433,-68,0.0,1 B66BFC3698E0,-70,0.0,1 00F82C199C02,-70,0.0,1 00F82C199C01,-71,0.0,1 CC32E52E33B2,-87,0.0,1 
0 F0B429ECF2F6,-41,0.0,1 A42BB0CDD434,-42,0.0,1 00B67094C501,-48,0.0,1 00B67094C502,-48,0.0,1 9483C403204F,-51,0.0,1 A84041205EEC,-52,0.0,1 18D6C7570E6B,-54,0.0,1 18D6C7570E6A,-55,0.0,1 E4956E480DF8,-57,0.0,1 A42BB0CDCC0E,-63,0.0,1 00B67065EDA2,-63,0.0,1 E03F492B6934,-64,0.0,1 20DA22FDAECD,-64,0.0,1 00B67065EDA1,-64,0.0,1 00B67065EDA3,-64,0.0,1 00B67094C50D,-65,0.0,1 00B67065EDA0,-66,0.0,1 20DA22FDAED1,-66,0.0,1 A42BB0CDD433,-68,0.0,1 B66BFC3698E0,-70,0.0,1 00F82C199C02,-70,0.0,1 00F82C199C01,-71,0.0,1 CC32E52E33B2,-87,0.0,1 
0 F0B429ECF2F6,-41,0.0,1 A42BB0CDD434,-42,0.0,1 00B67094C501,-48,0.0,1 00B67094C502,-48,0.0,1 9483C403204F,-51,0.0,1 A84041205EEC,-52,0.0,1 18D6C7570E6B,-54,0.0,1 18D6C7570E6A,-55,0.0,1 E4956E480DF8,-57,0.0,1 A42BB0CDCC0E,-63,0.0,1 00B67065EDA2,-63,0.0,1 E03F492B6934,-64,0.0,1 20DA22FDAECD,-64,0.0,1 00B67065EDA1,-64,0.0,1 00B67065EDA3,-64,0.0,1 00B67094C50D,-65,0.0,1 00B67065EDA0,-66,0.0,1 20DA22FDAED1,-66,0.0,1 A42BB0CDD433,-68,0.0,1 B66BFC3698E0,-70,0.0,1 00F82C199C02,-70,0.0,1 00F82C199C01,-71,0.0,1 CC32E52E33B2,-87,0.0,1 
0 F0B429ECF2F6,-41,0.0,1 A42BB0CDD434,-42,0.0,1 00B67094C501,-48,0.0,1 00B67094C502,-48,0.0,1 9483C403204F,-51,0.0,1 A84041205EEC,-52,0.0,1 18D6C7570E6B,-54,0.0,1 18D6C7570E6A,-55,0.0,1 E4956E480DF8,-57,0.0,1 A42BB0CDCC0E,-63,0.0,1 00B67065EDA2,-63,0.0,1 E03F492B6934,-64,0.0,1 20DA22FDAECD,-64,0.0,1 00B67065EDA1,-64,0.0,1 00B67065EDA3,-64,0.0,1 00B67094C50D,-65,0.0,1 00B67065EDA0,-66,0.0,1 20DA22FDAED1,-66,0.0,1 A42BB0CDD433,-68,0.0,1 B66BFC3698E0,-70,0.0,1 00F82C199C02,-70,0.0,1 00F82C199C01,-71,0.0,1 CC32E52E33B2,-87,0.0,1 
0 18D6C7570E6C,-21,0.0,1 F0B429ECF2F6,-42,0.0,1 18D6C7570E6B,-53,0.0,1 00B67094C501,-55,0.0,1 00B67094C502,-55,0.0,1 E4956E480DF8,-55,0.0,1 00B67094C500,-55,0.0,1 00B67094C503,-55,0.0,1 18D6C7570E6A,-56,0.0,1 00B67094C50D,-60,0.0,1 A84041205EEC,-61,0.0,1 20DA22FDAECD,-64,0.0,1 A42BB0CDCC0E,-65,0.0,1 A42BB0CDD433,-73,0.0,1 B66BFC3698E0,-74,0.0,1 00F82C199C01,-75,0.0,1 E03F492B6934,-76,0.0,1 E4956E43DAD9,-76,0.0,1 68CAE43A6C22,-84,0.0,1 
0 18D6C7570E6C,-21,0.0,1 F0B429ECF2F6,-42,0.0,1 18D6C7570E6B,-53,0.0,1 00B67094C501,-55,0.0,1 00B67094C502,-55,0.0,1 E4956E480DF8,-55,0.0,1 00B67094C500,-55,0.0,1 00B67094C503,-55,0.0,1 18D6C7570E6A,-56,0.0,1 00B67094C50D,-60,0.0,1 A84041205EEC,-61,0.0,1 20DA22FDAECD,-64,0.0,1 A42BB0CDCC0E,-65,0.0,1 A42BB0CDD433,-73,0.0,1 B66BFC3698E0,-74,0.0,1 00F82C199C01,-75,0.0,1 E03F492B6934,-76,0.0,1 E4956E43DAD9,-76,0.0,1 68CAE43A6C22,-84,0.0,1 
0 18D6C7570E6C,-21,0.0,1 F0B429ECF2F6,-42,0.0,1 18D6C7570E6B,-53,0.0,1 00B67094C501,-55,0.0,1 00B67094C502,-55,0.0,1 E4956E480DF8,-55,0.0,1 00B67094C500,-55,0.0,1 00B67094C503,-55,0.0,1 18D6C7570E6A,-56,0.0,1 00B67094C50D,-60,0.0,1 A84041205EEC,-61,0.0,1 20DA22FDAECD,-64,0.0,1 A42BB0CDCC0E,-65,0.0,1 A42BB0CDD433,-73,0.0,1 B66BFC3698E0,-74,0.0,1 00F82C199C01,-75,0.0,1 E03F492B6934,-76,0.0,1 E4956E43DAD9,-76,0.0,1 68CAE43A6C22,-84,0.0,1 
0 18D6C7570E6C,-21,0.0,1 F0B429ECF2F6,-42,0.0,1 18D6C7570E6B,-53,0.0,1 00B67094C501,-55,0.0,1 00B67094C502,-55,0.0,1 E4956E480DF8,-55,0.0,1 00B67094C500,-55,0.0,1 00B67094C503,-55,0.0,1 18D6C7570E6A,-56,0.0,1 00B67094C50D,-60,0.0,1 A84041205EEC,-61,0.0,1 20DA22FDAECD,-64,0.0,1 A42BB0CDCC0E,-65,0.0,1 A42BB0CDD433,-73,0.0,1 B66BFC3698E0,-74,0.0,1 00F82C199C01,-75,0.0,1 E03F492B6934,-76,0.0,1 E4956E43DAD9,-76,0.0,1 68CAE43A6C22,-84,0.0,1 
0 18D6C7570E6C,-21,0.0,1 F0B429ECF2F6,-42,0.0,1 18D6C7570E6B,-53,0.0,1 00B67094C501,-55,0.0,1 00B67094C502,-55,0.0,1 E4956E480DF8,-55,0.0,1 00B67094C500,-55,0.0,1 00B67094C503,-55,0.0,1 18D6C7570E6A,-56,0.0,1 00B67094C50D,-60,0.0,1 A84041205EEC,-61,0.0,1 20DA22FDAECD,-64,0.0,1 A42BB0CDCC0E,-65,0.0,1 A42BB0CDD433,-73,0.0,1 B66BFC3698E0,-74,0.0,1 00F82C199C01,-75,0.0,1 E03F492B6934,-76,0.0,1 E4956E43DAD9,-76,0.0,1 68CAE43A6C22,-84,0.0,1 
0 18D6C7570E6C,-21,0.0,1 F0B429ECF2F6,-42,0.0,1 18D6C7570E6B,-53,0.0,1 00B67094C501,-55,0.0,1 00B67094C502,-55,0.0,1 E4956E480DF8,-55,0.0,1 00B67094C500,-55,0.0,1 00B67094C503,-55,0.0,1 18D6C7570E6A,-56,0.0,1 00B67094C50D,-60,0.0,1 A84041205EEC,-61,0.0,1 20DA22FDAECD,-64,0.0,1 A42BB0CDCC0E,-65,0.0,1 A42BB0CDD433,-73,0.0,1 B66BFC3698E0,-74,0.0,1 00F82C199C01,-75,0.0,1 E03F492B6934,-76,0.0,1 E4956E43DAD9,-76,0.0,1 68CAE43A6C22,-84,0.0,1 
0 18D6C7570E6C,-21,0.0,1 F0B429ECF2F6,-42,0.0,1 18D6C7570E6B,-53,0.0,1 00B67094C501,-55,0.0,1 00B67094C502,-55,0.0,1 E4956E480DF8,-55,0.0,1 00B67094C500,-55,0.0,1 00B67094C503,-55,0.0,1 18D6C7570E6A,-56,0.0,1 00B67094C50D,-60,0.0,1 A84041205EEC,-61,0.0,1 20DA22FDAECD,-64,0.0,1 A42BB0CDCC0E,-65,0.0,1 A42BB0CDD433,-73,0.0,1 B66BFC3698E0,-74,0.0,1 00F82C199C01,-75,0.0,1 E03F492B6934,-76,0.0,1 E4956E43DAD9,-76,0.0,1 68CAE43A6C22,-84,0.0,1 
0 18D6C7570E6C,-21,0.0,1 F0B429ECF2F6,-42,0.0,1 18D6C7570E6B,-53,0.0,1 00B67094C501,-55,0.0,1 00B67094C502,-55,0.0,1 E4956E480DF8,-55,0.0,1 00B67094C500,-55,0.0,1 00B67094C503,-55,0.0,1 18D6C7570E6A,-56,0.0,1 00B67094C50D,-60,0.0,1 A84041205EEC,-61,0.0,1 20DA22FDAECD,-64,0.0,1 A42BB0CDCC0E,-65,0.0,1 A42BB0CDD433,-73,0.0,1 B66BFC3698E0,-74,0.0,1 00F82C199C01,-75,0.0,1 E03F492B6934,-76,0.0,1 E4956E43DAD9,-76,0.0,1 68CAE43A6C22,-84,0.0,1 
0 18D6C7570E6C,-21,0.0,1 F0B429ECF2F6,-42,0.0,1 18D6C7570E6B,-53,0.0,1 00B67094C501,-55,0.0,1 00B67094C502,-55,0.0,1 E4956E480DF8,-55,0.0,1 00B67094C500,-55,0.0,1 00B67094C503,-55,0.0,1 18D6C7570E6A,-56,0.0,1 00B67094C50D,-60,0.0,1 A84041205EEC,-61,0.0,1 20DA22FDAECD,-64,0.0,1 A42BB0CDCC0E,-65,0.0,1 A42BB0CDD433,-73,0.0,1 B66BFC3698E0,-74,0.0,1 00F82C199C01,-75,0.0,1 E03F492B6934,-76,0.0,1 E4956E43DAD9,-76,0.0,1 68CAE43A6C22,-84,0.0,1 
0 18D6C7570E6C,-21,0.0,1 F0B429ECF2F6,-42,0.0,1 18D6C7570E6B,-53,0.0,1 00B67094C501,-55,0.0,1 00B67094C502,-55,0.0,1 E4956E480DF8,-55,0.0,1 00B67094C500,-55,0.0,1 00B67094C503,-55,0.0,1 18D6C7570E6A,-56,0.0,1 00B67094C50D,-60,0.0,1 A84041205EEC,-61,0.0,1 20DA22FDAECD,-64,0.0,1 A42BB0CDCC0E,-65,0.0,1 A42BB0CDD433,-73,0.0,1 B66BFC3698E0,-74,0.0,1 00F82C199C01,-75,0.0,1 E03F492B6934,-76,0.0,1 E4956E43DAD9,-76,0.0,1 68CAE43A6C22,-84,0.0,1 
0 18D6C7570E6C,-21,0.0,1 F0B429ECF2F6,-42,0.0,1 18D6C7570E6B,-53,0.0,1 00B67094C501,-55,0.0,1 00B67094C502,-55,0.0,1 E4956E480DF8,-55,0.0,1 00B67094C500,-55,0.0,1 00B67094C503,-55,0.0,1 18D6C7570E6A,-56,0.0,1 00B67094C50D,-60,0.0,1 A84041205EEC,-61,0.0,1 20DA22FDAECD,-64,0.0,1 A42BB0CDCC0E,-65,0.0,1 A42BB0CDD433,-73,0.0,1 B66BFC3698E0,-74,0.0,1 00F82C199C01,-75,0.0,1 E03F492B6934,-76,0.0,1 E4956E43DAD9,-76,0.0,1 68CAE43A6C22,-84,0.0,1 
0 18D6C7570E6C,-21,0.0,1 F0B429ECF2F6,-42,0.0,1 18D6C7570E6B,-53,0.0,1 00B67094C501,-55,0.0,1 00B67094C502,-55,0.0,1 E4956E480DF8,-55,0.0,1 00B67094C500,-55,0.0,1 00B67094C503,-55,0.0,1 18D6C7570E6A,-56,0.0,1 00B67094C50D,-60,0.0,1 A84041205EEC,-61,0.0,1 20DA22FDAECD,-64,0.0,1 A42BB0CDCC0E,-65,0.0,1 A42BB0CDD433,-73,0.0,1 B66BFC3698E0,-74,0.0,1 00F82C199C01,-75,0.0,1 E03F492B6934,-76,0.0,1 E4956E43DAD9,-76,0.0,1 68CAE43A6C22,-84,0.0,1 
0 18D6C7570E6C,-21,0.0,1 F0B429ECF2F6,-42,0.0,1 18D6C7570E6B,-53,0.0,1 00B67094C501,-55,0.0,1 00B67094C502,-55,0.0,1 E4956E480DF8,-55,0.0,1 00B67094C500,-55,0.0,1 00B67094C503,-55,0.0,1 18D6C7570E6A,-56,0.0,1 00B67094C50D,-60,0.0,1 A84041205EEC,-61,0.0,1 20DA22FDAECD,-64,0.0,1 A42BB0CDCC0E,-65,0.0,1 A42BB0CDD433,-73,0.0,1 B66BFC3698E0,-74,0.0,1 00F82C199C01,-75,0.0,1 E03F492B6934,-76,0.0,1 E4956E43DAD9,-76,0.0,1 68CAE43A6C22,-84,0.0,1 
0 F0B429ECF2F6,-43,0.0,1 A42BB0CDD434,-45,0.0,1 18D6C7570E6A,-46,0.0,1 00B67094C501,-46,0.0,1 00B67094C500,-46,0.0,1 00B67094C502,-47,0.0,1 00B67094C503,-47,0.0,1 18D6C7570E6B,-51,0.0,1 E4956E480DF8,-55,0.0,1 20DA22FDAECD,-56,0.0,1 A84041205EEC,-56,0.0,1 9483C4032047,-56,0.0,1 9483C403204F,-59,0.0,1 E03F492B6934,-64,0.0,1 A42BB0CDCC0E,-65,0.0,1 00B67065EDA2,-65,0.0,1 00B67065EDA1,-66,0.0,1 B66BFC3698E0,-67,0.0,1 E4956E43DAD9,-69,0.0,1 A42BB0CDD433,-70,0.0,1 68CAE43A6C21,-70,0.0,1 68CAE43A6C22,-71,0.0,1 68CAE43A6C23,-71,0.0,1 68CAE43A6C20,-72,0.0,1 00F82C199C01,-81,0.0,1 00F82C199C02,-81,0.0,1 00F82C199C03,-81,0.0,1 CC32E52E33B2,-85,0.0,1 
0 F0B429ECF2F6,-43,0.0,1 A42BB0CDD434,-45,0.0,1 18D6C7570E6A,-46,0.0,1 00B67094C501,-46,0.0,1 00B67094C500,-46,0.0,1 00B67094C502,-47,0.0,1 00B67094C503,-47,0.0,1 18D6C7570E6B,-51,0.0,1 E4956E480DF8,-55,0.0,1 20DA22FDAECD,-56,0.0,1 A84041205EEC,-56,0.0,1 9483C4032047,-56,0.0,1 9483C403204F,-59,0.0,1 00B67094C50D,-60,0.0,1 E03F492B6934,-64,0.0,1 A42BB0CDCC0E,-65,0.0,1 00B67065EDA2,-65,0.0,1 00B67065EDA1,-66,0.0,1 B66BFC3698E0,-67,0.0,1 E4956E43DAD9,-69,0.0,1 A42BB0CDD433,-70,0.0,1 68CAE43A6C21,-70,0.0,1 68CAE43A6C22,-71,0.0,1 68CAE43A6C23,-71,0.0,1 68CAE43A6C20,-72,0.0,1 00F82C199C01,-81,0.0,1 00F82C199C02,-81,0.0,1 00F82C199C03,-81,0.0,1 CC32E52E33B2,-85,0.0,1 
0 F0B429ECF2F6,-43,0.0,1 A42BB0CDD434,-45,0.0,1 18D6C7570E6A,-46,0.0,1 00B67094C501,-46,0.0,1 00B67094C500,-46,0.0,1 00B67094C502,-47,0.0,1 00B67094C503,-47,0.0,1 18D6C7570E6B,-51,0.0,1 E4956E480DF8,-55,0.0,1 20DA22FDAECD,-56,0.0,1 A84041205EEC,-56,0.0,1 9483C4032047,-56,0.0,1 9483C403204F,-59,0.0,1 00B67094C50D,-60,0.0,1 E03F492B6934,-64,0.0,1 A42BB0CDCC0E,-65,0.0,1 00B67065EDA2,-65,0.0,1 00B67065EDA1,-66,0.0,1 B66BFC3698E0,-67,0.0,1 E4956E43DAD9,-69,0.0,1 A42BB0CDD433,-70,0.0,1 68CAE43A6C21,-70,0.0,1 68CAE43A6C22,-71,0.0,1 68CAE43A6C23,-71,0.0,1 68CAE43A6C20,-72,0.0,1 00F82C199C01,-81,0.0,1 00F82C199C02,-81,0.0,1 00F82C199C03,-81,0.0,1 CC32E52E33B2,-85,0.0,1 
0 F0B429ECF2F6,-43,0.0,1 A42BB0CDD434,-45,0.0,1 18D6C7570E6A,-46,0.0,1 00B67094C501,-46,0.0,1 00B67094C500,-46,0.0,1 00B67094C502,-47,0.0,1 00B67094C503,-47,0.0,1 18D6C7570E6B,-51,0.0,1 E4956E480DF8,-55,0.0,1 20DA22FDAECD,-56,0.0,1 A84041205EEC,-56,0.0,1 9483C4032047,-56,0.0,1 9483C403204F,-59,0.0,1 00B67094C50D,-60,0.0,1 E03F492B6934,-64,0.0,1 A42BB0CDCC0E,-65,0.0,1 00B67065EDA2,-65,0.0,1 00B67065EDA1,-66,0.0,1 B66BFC3698E0,-67,0.0,1 E4956E43DAD9,-69,0.0,1 A42BB0CDD433,-70,0.0,1 68CAE43A6C21,-70,0.0,1 68CAE43A6C22,-71,0.0,1 68CAE43A6C23,-71,0.0,1 68CAE43A6C20,-72,0.0,1 00F82C199C01,-81,0.0,1 00F82C199C02,-81,0.0,1 00F82C199C03,-81,0.0,1 CC32E52E33B2,-85,0.0,1 
0 F0B429ECF2F6,-43,0.0,1 A42BB0CDD434,-45,0.0,1 18D6C7570E6A,-46,0.0,1 00B67094C501,-46,0.0,1 00B67094C500,-46,0.0,1 00B67094C502,-47,0.0,1 00B67094C503,-47,0.0,1 18D6C7570E6B,-51,0.0,1 E4956E480DF8,-55,0.0,1 20DA22FDAECD,-56,0.0,1 A84041205EEC,-56,0.0,1 9483C4032047,-56,0.0,1 9483C403204F,-59,0.0,1 00B67094C50D,-60,0.0,1 E03F492B6934,-64,0.0,1 A42BB0CDCC0E,-65,0.0,1 00B67065EDA2,-65,0.0,1 00B67065EDA1,-66,0.0,1 B66BFC3698E0,-67,0.0,1 E4956E43DAD9,-69,0.0,1 A42BB0CDD433,-70,0.0,1 68CAE43A6C21,-70,0.0,1 68CAE43A6C22,-71,0.0,1 68CAE43A6C23,-71,0.0,1 68CAE43A6C20,-72,0.0,1 00F82C199C01,-81,0.0,1 00F82C199C02,-81,0.0,1 00F82C199C03,-81,0.0,1 CC32E52E33B2,-85,0.0,1 
0 F0B429ECF2F6,-43,0.0,1 A42BB0CDD434,-45,0.0,1 18D6C7570E6A,-46,0.0,1 00B67094C501,-46,0.0,1 00B67094C500,-46,0.0,1 00B67094C502,-47,0.0,1 00B67094C503,-47,0.0,1 18D6C7570E6B,-51,0.0,1 E4956E480DF8,-55,0.0,1 20DA22FDAECD,-56,0.0,1 A84041205EEC,-56,0.0,1 9483C4032047,-56,0.0,1 9483C403204F,-59,0.0,1 00B67094C50D,-60,0.0,1 E03F492B6934,-64,0.0,1 A42BB0CDCC0E,-65,0.0,1 00B67065EDA2,-65,0.0,1 00B67065EDA1,-66,0.0,1 B66BFC3698E0,-67,0.0,1 E4956E43DAD9,-69,0.0,1 A42BB0CDD433,-70,0.0,1 68CAE43A6C21,-70,0.0,1 68CAE43A6C22,-71,0.0,1 68CAE43A6C23,-71,0.0,1 68CAE43A6C20,-72,0.0,1 00F82C199C01,-81,0.0,1 00F82C199C02,-81,0.0,1 00F82C199C03,-81,0.0,1 CC32E52E33B2,-85,0.0,1 
0 F0B429ECF2F6,-43,0.0,1 A42BB0CDD434,-45,0.0,1 18D6C7570E6A,-46,0.0,1 00B67094C501,-46,0.0,1 00B67094C500,-46,0.0,1 00B67094C502,-47,0.0,1 00B67094C503,-47,0.0,1 18D6C7570E6B,-51,0.0,1 E4956E480DF8,-55,0.0,1 20DA22FDAECD,-56,0.0,1 A84041205EEC,-56,0.0,1 9483C4032047,-56,0.0,1 9483C403204F,-59,0.0,1 00B67094C50D,-60,0.0,1 E03F492B6934,-64,0.0,1 A42BB0CDCC0E,-65,0.0,1 00B67065EDA2,-65,0.0,1 00B67065EDA1,-66,0.0,1 B66BFC3698E0,-67,0.0,1 E4956E43DAD9,-69,0.0,1 A42BB0CDD433,-70,0.0,1 68CAE43A6C21,-70,0.0,1 68CAE43A6C22,-71,0.0,1 68CAE43A6C23,-71,0.0,1 68CAE43A6C20,-72,0.0,1 00F82C199C01,-81,0.0,1 00F82C199C02,-81,0.0,1 00F82C199C03,-81,0.0,1 CC32E52E33B2,-85,0.0,1 
0 F0B429ECF2F6,-43,0.0,1 A42BB0CDD434,-45,0.0,1 18D6C7570E6A,-46,0.0,1 00B67094C501,-46,0.0,1 00B67094C500,-46,0.0,1 00B67094C502,-47,0.0,1 00B67094C503,-47,0.0,1 18D6C7570E6B,-51,0.0,1 E4956E480DF8,-55,0.0,1 20DA22FDAECD,-56,0.0,1 A84041205EEC,-56,0.0,1 9483C4032047,-56,0.0,1 9483C403204F,-59,0.0,1 00B67094C50D,-60,0.0,1 E03F492B6934,-64,0.0,1 A42BB0CDCC0E,-65,0.0,1 00B67065EDA2,-65,0.0,1 00B67065EDA1,-66,0.0,1 B66BFC3698E0,-67,0.0,1 E4956E43DAD9,-69,0.0,1 A42BB0CDD433,-70,0.0,1 68CAE43A6C21,-70,0.0,1 68CAE43A6C22,-71,0.0,1 68CAE43A6C23,-71,0.0,1 68CAE43A6C20,-72,0.0,1 00F82C199C01,-81,0.0,1 00F82C199C02,-81,0.0,1 00F82C199C03,-81,0.0,1 CC32E52E33B2,-85,0.0,1 
0 F0B429ECF2F6,-43,0.0,1 A42BB0CDD434,-45,0.0,1 18D6C7570E6A,-46,0.0,1 00B67094C501,-46,0.0,1 00B67094C500,-46,0.0,1 00B67094C502,-47,0.0,1 00B67094C503,-47,0.0,1 18D6C7570E6B,-51,0.0,1 E4956E480DF8,-55,0.0,1 20DA22FDAECD,-56,0.0,1 A84041205EEC,-56,0.0,1 9483C4032047,-56,0.0,1 9483C403204F,-59,0.0,1 00B67094C50D,-60,0.0,1 E03F492B6934,-64,0.0,1 A42BB0CDCC0E,-65,0.0,1 00B67065EDA2,-65,0.0,1 00B67065EDA1,-66,0.0,1 B66BFC3698E0,-67,0.0,1 E4956E43DAD9,-69,0.0,1 A42BB0CDD433,-70,0.0,1 68CAE43A6C21,-70,0.0,1 68CAE43A6C22,-71,0.0,1 68CAE43A6C23,-71,0.0,1 68CAE43A6C20,-72,0.0,1 00F82C199C01,-81,0.0,1 00F82C199C02,-81,0.0,1 00F82C199C03,-81,0.0,1 CC32E52E33B2,-85,0.0,1 
0 F0B429ECF2F6,-43,0.0,1 A42BB0CDD434,-45,0.0,1 18D6C7570E6A,-46,0.0,1 00B67094C501,-46,0.0,1 00B67094C500,-46,0.0,1 00B67094C502,-47,0.0,1 00B67094C503,-47,0.0,1 18D6C7570E6B,-51,0.0,1 E4956E480DF8,-55,0.0,1 20DA22FDAECD,-56,0.0,1 A84041205EEC,-56,0.0,1 9483C4032047,-56,0.0,1 9483C403204F,-59,0.0,1 00B67094C50D,-60,0.0,1 E03F492B6934,-64,0.0,1 A42BB0CDCC0E,-65,0.0,1 00B67065EDA2,-65,0.0,1 00B67065EDA1,-66,0.0,1 B66BFC3698E0,-67,0.0,1 E4956E43DAD9,-69,0.0,1 A42BB0CDD433,-70,0.0,1 68CAE43A6C21,-70,0.0,1 68CAE43A6C22,-71,0.0,1 68CAE43A6C23,-71,0.0,1 68CAE43A6C20,-72,0.0,1 00F82C199C01,-81,0.0,1 00F82C199C02,-81,0.0,1 00F82C199C03,-81,0.0,1 CC32E52E33B2,-85,0.0,1 
0 F0B429ECF2F6,-43,0.0,1 A42BB0CDD434,-45,0.0,1 18D6C7570E6A,-46,0.0,1 00B67094C501,-46,0.0,1 00B67094C500,-46,0.0,1 00B67094C502,-47,0.0,1 00B67094C503,-47,0.0,1 18D6C7570E6B,-51,0.0,1 E4956E480DF8,-55,0.0,1 20DA22FDAECD,-56,0.0,1 A84041205EEC,-56,0.0,1 9483C4032047,-56,0.0,1 9483C403204F,-59,0.0,1 00B67094C50D,-60,0.0,1 E03F492B6934,-64,0.0,1 A42BB0CDCC0E,-65,0.0,1 00B67065EDA2,-65,0.0,1 00B67065EDA1,-66,0.0,1 B66BFC3698E0,-67,0.0,1 E4956E43DAD9,-69,0.0,1 A42BB0CDD433,-70,0.0,1 68CAE43A6C21,-70,0.0,1 68CAE43A6C22,-71,0.0,1 68CAE43A6C23,-71,0.0,1 68CAE43A6C20,-72,0.0,1 00F82C199C01,-81,0.0,1 00F82C199C02,-81,0.0,1 00F82C199C03,-81,0.0,1 CC32E52E33B2,-85,0.0,1 
0 F0B429ECF2F6,-43,0.0,1 A42BB0CDD434,-45,0.0,1 18D6C7570E6A,-46,0.0,1 00B67094C501,-46,0.0,1 00B67094C500,-46,0.0,1 00B67094C502,-47,0.0,1 00B67094C503,-47,0.0,1 18D6C7570E6B,-51,0.0,1 E4956E480DF8,-55,0.0,1 20DA22FDAECD,-56,0.0,1 A84041205EEC,-56,0.0,1 9483C4032047,-56,0.0,1 9483C403204F,-59,0.0,1 00B67094C50D,-60,0.0,1 E03F492B6934,-64,0.0,1 A42BB0CDCC0E,-65,0.0,1 00B67065EDA2,-65,0.0,1 00B67065EDA1,-66,0.0,1 B66BFC3698E0,-67,0.0,1 E4956E43DAD9,-69,0.0,1 A42BB0CDD433,-70,0.0,1 68CAE43A6C21,-70,0.0,1 68CAE43A6C22,-71,0.0,1 68CAE43A6C23,-71,0.0,1 68CAE43A6C20,-72,0.0,1 00F82C199C01,-81,0.0,1 00F82C199C02,-81,0.0,1 00F82C199C03,-81,0.0,1 CC32E52E33B2,-85,0.0,1 
0 F0B429ECF2F6,-43,0.0,1 A42BB0CDD434,-45,0.0,1 18D6C7570E6A,-46,0.0,1 00B67094C501,-46,0.0,1 00B67094C500,-46,0.0,1 00B67094C502,-47,0.0,1 00B67094C503,-47,0.0,1 18D6C7570E6B,-51,0.0,1 E4956E480DF8,-55,0.0,1 20DA22FDAECD,-56,0.0,1 A84041205EEC,-56,0.0,1 9483C4032047,-56,0.0,1 9483C403204F,-59,0.0,1 00B67094C50D,-60,0.0,1 E03F492B6934,-64,0.0,1 A42BB0CDCC0E,-65,0.0,1 00B67065EDA2,-65,0.0,1 00B67065EDA1,-66,0.0,1 B66BFC3698E0,-67,0.0,1 E4956E43DAD9,-69,0.0,1 A42BB0CDD433,-70,0.0,1 68CAE43A6C21,-70,0.0,1 68CAE43A6C22,-71,0.0,1 68CAE43A6C23,-71,0.0,1 68CAE43A6C20,-72,0.0,1 00F82C199C01,-81,0.0,1 00F82C199C02,-81,0.0,1 00F82C199C03,-81,0.0,1 CC32E52E33B2,-85,0.0,1 
0 18D6C7570E6C,-21,0.0,1 00B67094C502,-43,0.0,1 00B67094C501,-44,0.0,1 A42BB0CDD434,-44,0.0,1 00B67094C50D,-45,0.0,1 18D6C7570E6A,-47,0.0,1 20DA22FDAECD,-51,0.0,1 20DA22FDAED1,-52,0.0,1 18D6C7570E6B,-54,0.0,1 F0B429ECF2F6,-54,0.0,1 E4956E480DF8,-56,0.0,1 9483C403204F,-57,0.0,1 E03F492B6934,-61,0.0,1 A84041205EEC,-61,0.0,1 A42BB0CDCC0E,-62,0.0,1 00B67065EDA1,-62,0.0,1 00B67065EDA2,-62,0.0,1 A42BB0CDD433,-70,0.0,1 E4956E43DAD9,-76,0.0,1 00F82C199C01,-77,0.0,1 00F82C199C02,-77,0.0,1 B66BFC3698E0,-81,0.0,1 CC32E52E33B2,-87,0.0,1 
0 18D6C7570E6C,-21,0.0,1 00B67094C502,-43,0.0,1 00B67094C501,-44,0.0,1 A42BB0CDD434,-44,0.0,1 00B67094C50D,-45,0.0,1 18D6C7570E6A,-47,0.0,1 20DA22FDAECD,-51,0.0,1 20DA22FDAED1,-52,0.0,1 18D6C7570E6B,-54,0.0,1 F0B429ECF2F6,-54,0.0,1 E4956E480DF8,-56,0.0,1 9483C403204F,-57,0.0,1 E03F492B6934,-61,0.0,1 A84041205EEC,-61,0.0,1 A42BB0CDCC0E,-62,0.0,1 00B67065EDA1,-62,0.0,1 00B67065EDA2,-62,0.0,1 A42BB0CDD433,-70,0.0,1 E4956E43DAD9,-76,0.0,1 00F82C199C01,-77,0.0,1 00F82C199C02,-77,0.0,1 B66BFC3698E0,-81,0.0,1 CC32E52E33B2,-87,0.0,1 
0 18D6C7570E6C,-21,0.0,1 00B67094C502,-43,0.0,1 00B67094C501,-44,0.0,1 A42BB0CDD434,-44,0.0,1 00B67094C50D,-45,0.0,1 18D6C7570E6A,-47,0.0,1 20DA22FDAECD,-51,0.0,1 20DA22FDAED1,-52,0.0,1 18D6C7570E6B,-54,0.0,1 F0B429ECF2F6,-54,0.0,1 E4956E480DF8,-56,0.0,1 9483C403204F,-57,0.0,1 E03F492B6934,-61,0.0,1 A84041205EEC,-61,0.0,1 A42BB0CDCC0E,-62,0.0,1 00B67065EDA1,-62,0.0,1 00B67065EDA2,-62,0.0,1 A42BB0CDD433,-70,0.0,1 E4956E43DAD9,-76,0.0,1 00F82C199C01,-77,0.0,1 00F82C199C02,-77,0.0,1 B66BFC3698E0,-81,0.0,1 CC32E52E33B2,-87,0.0,1 
0 18D6C7570E6C,-21,0.0,1 00B67094C502,-43,0.0,1 00B67094C501,-44,0.0,1 A42BB0CDD434,-44,0.0,1 00B67094C50D,-45,0.0,1 18D6C7570E6A,-47,0.0,1 20DA22FDAECD,-51,0.0,1 20DA22FDAED1,-52,0.0,1 18D6C7570E6B,-54,0.0,1 F0B429ECF2F6,-54,0.0,1 E4956E480DF8,-56,0.0,1 9483C403204F,-57,0.0,1 E03F492B6934,-61,0.0,1 A84041205EEC,-61,0.0,1 A42BB0CDCC0E,-62,0.0,1 00B67065EDA1,-62,0.0,1 00B67065EDA2,-62,0.0,1 A42BB0CDD433,-70,0.0,1 E4956E43DAD9,-76,0.0,1 00F82C199C01,-77,0.0,1 00F82C199C02,-77,0.0,1 B66BFC3698E0,-81,0.0,1 CC32E52E33B2,-87,0.0,1 
0 18D6C7570E6C,-21,0.0,1 00B67094C502,-43,0.0,1 00B67094C501,-44,0.0,1 A42BB0CDD434,-44,0.0,1 00B67094C50D,-45,0.0,1 18D6C7570E6A,-47,0.0,1 20DA22FDAECD,-51,0.0,1 20DA22FDAED1,-52,0.0,1 18D6C7570E6B,-54,0.0,1 F0B429ECF2F6,-54,0.0,1 E4956E480DF8,-56,0.0,1 9483C403204F,-57,0.0,1 E03F492B6934,-61,0.0,1 A84041205EEC,-61,0.0,1 A42BB0CDCC0E,-62,0.0,1 00B67065EDA1,-62,0.0,1 00B67065EDA2,-62,0.0,1 A42BB0CDD433,-70,0.0,1 E4956E43DAD9,-76,0.0,1 00F82C199C01,-77,0.0,1 00F82C199C02,-77,0.0,1 B66BFC3698E0,-81,0.0,1 CC32E52E33B2,-87,0.0,1 
0 18D6C7570E6C,-21,0.0,1 00B67094C502,-43,0.0,1 00B67094C501,-44,0.0,1 A42BB0CDD434,-44,0.0,1 00B67094C50D,-45,0.0,1 18D6C7570E6A,-47,0.0,1 20DA22FDAECD,-51,0.0,1 20DA22FDAED1,-52,0.0,1 18D6C7570E6B,-54,0.0,1 F0B429ECF2F6,-54,0.0,1 E4956E480DF8,-56,0.0,1 9483C403204F,-57,0.0,1 E03F492B6934,-61,0.0,1 A84041205EEC,-61,0.0,1 A42BB0CDCC0E,-62,0.0,1 00B67065EDA1,-62,0.0,1 00B67065EDA2,-62,0.0,1 A42BB0CDD433,-70,0.0,1 E4956E43DAD9,-76,0.0,1 00F82C199C01,-77,0.0,1 00F82C199C02,-77,0.0,1 B66BFC3698E0,-81,0.0,1 CC32E52E33B2,-87,0.0,1 
0 18D6C7570E6C,-21,0.0,1 00B67094C502,-43,0.0,1 00B67094C501,-44,0.0,1 A42BB0CDD434,-44,0.0,1 00B67094C50D,-45,0.0,1 18D6C7570E6A,-47,0.0,1 20DA22FDAECD,-51,0.0,1 20DA22FDAED1,-52,0.0,1 18D6C7570E6B,-54,0.0,1 F0B429ECF2F6,-54,0.0,1 E4956E480DF8,-56,0.0,1 9483C403204F,-57,0.0,1 E03F492B6934,-61,0.0,1 A84041205EEC,-61,0.0,1 A42BB0CDCC0E,-62,0.0,1 00B67065EDA1,-62,0.0,1 00B67065EDA2,-62,0.0,1 A42BB0CDD433,-70,0.0,1 E4956E43DAD9,-76,0.0,1 00F82C199C01,-77,0.0,1 00F82C199C02,-77,0.0,1 B66BFC3698E0,-81,0.0,1 CC32E52E33B2,-87,0.0,1 
0 18D6C7570E6C,-21,0.0,1 00B67094C502,-43,0.0,1 00B67094C501,-44,0.0,1 A42BB0CDD434,-44,0.0,1 00B67094C50D,-45,0.0,1 18D6C7570E6A,-47,0.0,1 20DA22FDAECD,-51,0.0,1 20DA22FDAED1,-52,0.0,1 18D6C7570E6B,-54,0.0,1 F0B429ECF2F6,-54,0.0,1 E4956E480DF8,-56,0.0,1 9483C403204F,-57,0.0,1 E03F492B6934,-61,0.0,1 A84041205EEC,-61,0.0,1 A42BB0CDCC0E,-62,0.0,1 00B67065EDA1,-62,0.0,1 00B67065EDA2,-62,0.0,1 A42BB0CDD433,-70,0.0,1 E4956E43DAD9,-76,0.0,1 00F82C199C01,-77,0.0,1 00F82C199C02,-77,0.0,1 B66BFC3698E0,-81,0.0,1 CC32E52E33B2,-87,0.0,1 
0 18D6C7570E6C,-21,0.0,1 00B67094C502,-43,0.0,1 00B67094C501,-44,0.0,1 A42BB0CDD434,-44,0.0,1 00B67094C50D,-45,0.0,1 18D6C7570E6A,-47,0.0,1 20DA22FDAECD,-51,0.0,1 20DA22FDAED1,-52,0.0,1 18D6C7570E6B,-54,0.0,1 F0B429ECF2F6,-54,0.0,1 E4956E480DF8,-56,0.0,1 9483C403204F,-57,0.0,1 E03F492B6934,-61,0.0,1 A84041205EEC,-61,0.0,1 A42BB0CDCC0E,-62,0.0,1 00B67065EDA1,-62,0.0,1 00B67065EDA2,-62,0.0,1 A42BB0CDD433,-70,0.0,1 E4956E43DAD9,-76,0.0,1 00F82C199C01,-77,0.0,1 00F82C199C02,-77,0.0,1 B66BFC3698E0,-81,0.0,1 CC32E52E33B2,-87,0.0,1 
0 18D6C7570E6C,-21,0.0,1 00B67094C502,-43,0.0,1 00B67094C501,-44,0.0,1 A42BB0CDD434,-44,0.0,1 00B67094C50D,-45,0.0,1 18D6C7570E6A,-47,0.0,1 20DA22FDAECD,-51,0.0,1 20DA22FDAED1,-52,0.0,1 18D6C7570E6B,-54,0.0,1 F0B429ECF2F6,-54,0.0,1 E4956E480DF8,-56,0.0,1 9483C403204F,-57,0.0,1 E03F492B6934,-61,0.0,1 A84041205EEC,-61,0.0,1 A42BB0CDCC0E,-62,0.0,1 00B67065EDA1,-62,0.0,1 00B67065EDA2,-62,0.0,1 A42BB0CDD433,-70,0.0,1 E4956E43DAD9,-76,0.0,1 00F82C199C01,-77,0.0,1 00F82C199C02,-77,0.0,1 B66BFC3698E0,-81,0.0,1 CC32E52E33B2,-87,0.0,1 
0 18D6C7570E6C,-21,0.0,1 00B67094C502,-43,0.0,1 00B67094C501,-44,0.0,1 A42BB0CDD434,-44,0.0,1 00B67094C50D,-45,0.0,1 18D6C7570E6A,-47,0.0,1 20DA22FDAECD,-51,0.0,1 20DA22FDAED1,-52,0.0,1 18D6C7570E6B,-54,0.0,1 F0B429ECF2F6,-54,0.0,1 E4956E480DF8,-56,0.0,1 9483C403204F,-57,0.0,1 E03F492B6934,-61,0.0,1 A84041205EEC,-61,0.0,1 A42BB0CDCC0E,-62,0.0,1 00B67065EDA1,-62,0.0,1 00B67065EDA2,-62,0.0,1 A42BB0CDD433,-70,0.0,1 E4956E43DAD9,-76,0.0,1 00F82C199C01,-77,0.0,1 00F82C199C02,-77,0.0,1 B66BFC3698E0,-81,0.0,1 CC32E52E33B2,-87,0.0,1 
0 18D6C7570E6C,-21,0.0,1 00B67094C502,-43,0.0,1 00B67094C501,-44,0.0,1 A42BB0CDD434,-44,0.0,1 00B67094C50D,-45,0.0,1 18D6C7570E6A,-47,0.0,1 20DA22FDAECD,-51,0.0,1 20DA22FDAED1,-52,0.0,1 18D6C7570E6B,-54,0.0,1 F0B429ECF2F6,-54,0.0,1 E4956E480DF8,-56,0.0,1 9483C403204F,-57,0.0,1 E03F492B6934,-61,0.0,1 A84041205EEC,-61,0.0,1 A42BB0CDCC0E,-62,0.0,1 00B67065EDA1,-62,0.0,1 00B67065EDA2,-62,0.0,1 A42BB0CDD433,-70,0.0,1 E4956E43DAD9,-76,0.0,1 00F82C199C01,-77,0.0,1 00F82C199C02,-77,0.0,1 B66BFC3698E0,-81,0.0,1 CC32E52E33B2,-87,0.0,1 
0 18D6C7570E6C,-21,0.0,1 00B67094C502,-43,0.0,1 00B67094C501,-44,0.0,1 A42BB0CDD434,-44,0.0,1 00B67094C50D,-45,0.0,1 18D6C7570E6A,-47,0.0,1 20DA22FDAECD,-51,0.0,1 20DA22FDAED1,-52,0.0,1 18D6C7570E6B,-54,0.0,1 F0B429ECF2F6,-54,0.0,1 E4956E480DF8,-56,0.0,1 9483C403204F,-57,0.0,1 E03F492B6934,-61,0.0,1 A84041205EEC,-61,0.0,1 A42BB0CDCC0E,-62,0.0,1 00B67065EDA1,-62,0.0,1 00B67065EDA2,-62,0.0,1 A42BB0CDD433,-70,0.0,1 E4956E43DAD9,-76,0.0,1 00F82C199C01,-77,0.0,1 00F82C199C02,-77,0.0,1 B66BFC3698E0,-81,0.0,1 CC32E52E33B2,-87,0.0,1 
0 18D6C7570E6A,-57,0.0,1 E03F492B6934,-67,0.0,1 A42BB0CDCC0E,-67,0.0,1 B66BFC3698E0,-75,0.0,1 A42BB0CDD433,-76,0.0,1 
0 00B67094C50D,-45,0.0,1 18D6C7570E6A,-57,0.0,1 E03F492B6934,-67,0.0,1 A42BB0CDCC0E,-67,0.0,1 B66BFC3698E0,-75,0.0,1 A42BB0CDD433,-76,0.0,1 
0 00B67094C50D,-45,0.0,1 18D6C7570E6A,-57,0.0,1 E03F492B6934,-67,0.0,1 A42BB0CDCC0E,-67,0.0,1 B66BFC3698E0,-75,0.0,1 A42BB0CDD433,-76,0.0,1 
0 00B67094C50D,-45,0.0,1 18D6C7570E6A,-57,0.0,1 E03F492B6934,-67,0.0,1 A42BB0CDCC0E,-67,0.0,1 B66BFC3698E0,-75,0.0,1 A42BB0CDD433,-76,0.0,1 
0 00B67094C50D,-45,0.0,1 18D6C7570E6A,-57,0.0,1 E03F492B6934,-67,0.0,1 A42BB0CDCC0E,-67,0.0,1 B66BFC3698E0,-75,0.0,1 A42BB0CDD433,-76,0.0,1 
0 00B67094C50D,-45,0.0,1 18D6C7570E6A,-57,0.0,1 E03F492B6934,-67,0.0,1 A42BB0CDCC0E,-67,0.0,1 B66BFC3698E0,-75,0.0,1 A42BB0CDD433,-76,0.0,1 
0 00B67094C50D,-45,0.0,1 18D6C7570E6A,-57,0.0,1 E03F492B6934,-67,0.0,1 A42BB0CDCC0E,-67,0.0,1 B66BFC3698E0,-75,0.0,1 A42BB0CDD433,-76,0.0,1 
0 00B67094C50D,-45,0.0,1 18D6C7570E6A,-57,0.0,1 E03F492B6934,-67,0.0,1 A42BB0CDCC0E,-67,0.0,1 B66BFC3698E0,-75,0.0,1 A42BB0CDD433,-76,0.0,1 
0 00B67094C50D,-45,0.0,1 18D6C7570E6A,-57,0.0,1 E03F492B6934,-67,0.0,1 A42BB0CDCC0E,-67,0.0,1 B66BFC3698E0,-75,0.0,1 A42BB0CDD433,-76,0.0,1 
0 00B67094C50D,-45,0.0,1 18D6C7570E6A,-57,0.0,1 E03F492B6934,-67,0.0,1 A42BB0CDCC0E,-67,0.0,1 B66BFC3698E0,-75,0.0,1 A42BB0CDD433,-76,0.0,1 
0 00B67094C50D,-45,0.0,1 18D6C7570E6A,-57,0.0,1 E03F492B6934,-67,0.0,1 A42BB0CDCC0E,-67,0.0,1 B66BFC3698E0,-75,0.0,1 A42BB0CDD433,-76,0.0,1 
0 00B67094C50D,-45,0.0,1 18D6C7570E6A,-57,0.0,1 E03F492B6934,-67,0.0,1 A42BB0CDCC0E,-67,0.0,1 B66BFC3698E0,-75,0.0,1 A42BB0CDD433,-76,0.0,1 
0 00B67094C50D,-45,0.0,1 18D6C7570E6A,-57,0.0,1 E03F492B6934,-67,0.0,1 A42BB0CDCC0E,-67,0.0,1 B66BFC3698E0,-75,0.0,1 A42BB0CDD433,-76,0.0,1 
0 18D6C7570E6C,-21,0.0,1 00B67094C501,-40,0.0,1 00B67094C502,-40,0.0,1 F0B429ECF2F6,-40,0.0,1 18D6C7570E6A,-47,0.0,1 E4956E480DF8,-48,0.0,1 A42BB0CDD434,-50,0.0,1 9483C403204F,-53,0.0,1 A84041205EEC,-60,0.0,1 20DA22FDAECD,-62,0.0,1 E03F492B6934,-63,0.0,1 A42BB0CDCC0E,-66,0.0,1 A42BB0CDD433,-67,0.0,1 9483C4032047,-67,0.0,1 00B67065EDA1,-69,0.0,1 00B67065EDA2,-69,0.0,1 00B67065EDA0,-69,0.0,1 00B67065EDA3,-69,0.0,1 B66BFC3698E0,-73,0.0,1 C412F5C5BF48,-75,0.0,1 CC32E52E33B2,-86,0.0,1 
0 18D6C7570E6C,-21,0.0,1 00B67094C501,-40,0.0,1 00B67094C502,-40,0.0,1 F0B429ECF2F6,-40,0.0,1 00B67094C50D,-45,0.0,1 18D6C7570E6A,-47,0.0,1 E4956E480DF8,-48,0.0,1 A42BB0CDD434,-50,0.0,1 9483C403204F,-53,0.0,1 A84041205EEC,-60,0.0,1 20DA22FDAECD,-62,0.0,1 E03F492B6934,-63,0.0,1 A42BB0CDCC0E,-66,0.0,1 A42BB0CDD433,-67,0.0,1 9483C4032047,-67,0.0,1 00B67065EDA1,-69,0.0,1 00B67065EDA2,-69,0.0,1 00B67065EDA0,-69,0.0,1 00B67065EDA3,-69,0.0,1 B66BFC3698E0,-73,0.0,1 C412F5C5BF48,-75,0.0,1 CC32E52E33B2,-86,0.0,1 
0 18D6C7570E6C,-21,0.0,1 00B67094C501,-40,0.0,1 00B67094C502,-40,0.0,1 F0B429ECF2F6,-40,0.0,1 00B67094C50D,-45,0.0,1 18D6C7570E6A,-47,0.0,1 E4956E480DF8,-48,0.0,1 A42BB0CDD434,-50,0.0,1 9483C403204F,-53,0.0,1 A84041205EEC,-60,0.0,1 20DA22FDAECD,-62,0.0,1 E03F492B6934,-63,0.0,1 A42BB0CDCC0E,-66,0.0,1 A42BB0CDD433,-67,0.0,1 9483C4032047,-67,0.0,1 00B67065EDA1,-69,0.0,1 00B67065EDA2,-69,0.0,1 00B67065EDA0,-69,0.0,1 00B67065EDA3,-69,0.0,1 B66BFC3698E0,-73,0.0,1 C412F5C5BF48,-75,0.0,1 CC32E52E33B2,-86,0.0,1 
0 18D6C7570E6C,-21,0.0,1 00B67094C501,-40,0.0,1 00B67094C502,-40,0.0,1 F0B429ECF2F6,-40,0.0,1 00B67094C50D,-45,0.0,1 18D6C7570E6A,-47,0.0,1 E4956E480DF8,-48,0.0,1 A42BB0CDD434,-50,0.0,1 9483C403204F,-53,0.0,1 A84041205EEC,-60,0.0,1 20DA22FDAECD,-62,0.0,1 E03F492B6934,-63,0.0,1 A42BB0CDCC0E,-66,0.0,1 A42BB0CDD433,-67,0.0,1 9483C4032047,-67,0.0,1 00B67065EDA1,-69,0.0,1 00B67065EDA2,-69,0.0,1 00B67065EDA0,-69,0.0,1 00B67065EDA3,-69,0.0,1 B66BFC3698E0,-73,0.0,1 C412F5C5BF48,-75,0.0,1 CC32E52E33B2,-86,0.0,1 
0 18D6C7570E6C,-21,0.0,1 00B67094C501,-40,0.0,1 00B67094C502,-40,0.0,1 F0B429ECF2F6,-40,0.0,1 00B67094C50D,-45,0.0,1 18D6C7570E6A,-47,0.0,1 E4956E480DF8,-48,0.0,1 A42BB0CDD434,-50,0.0,1 9483C403204F,-53,0.0,1 A84041205EEC,-60,0.0,1 20DA22FDAECD,-62,0.0,1 E03F492B6934,-63,0.0,1 A42BB0CDCC0E,-66,0.0,1 A42BB0CDD433,-67,0.0,1 9483C4032047,-67,0.0,1 00B67065EDA1,-69,0.0,1 00B67065EDA2,-69,0.0,1 00B67065EDA0,-69,0.0,1 00B67065EDA3,-69,0.0,1 B66BFC3698E0,-73,0.0,1 C412F5C5BF48,-75,0.0,1 CC32E52E33B2,-86,0.0,1 
