9.829150309652323614e-02
2.042774378401617241e-01
1.539179054145076719e-01
1.360927178823674311e-01
2.872769049297172472e-01
1.207631794208925413e-01
2.219050303538621094e-01
2.811562109020915301e-01
1.588493837995290647e-01
1.989088666693898944e-01
1.506222935267285123e-01
1.324630357950669080e-01
1.261979959107115690e-01
1.588493837995290647e-01
2.314738063115946431e-01
2.166010623194152274e-01
1.588493837995290647e-01
1.337095311686633536e-01
2.296971548094637328e-01
2.034906423140370180e-01
1.795651571849354866e-01
1.768805296381161796e-01
2.018312194050055908e-01
5.256451559667674189e-02
1.567702771850720822e-01
1.483610917633901849e-01
1.241351178504714881e-01
2.052613705436403535e-01
1.722393633665602053e-01
1.411433216051234396e-01
1.673984100216960869e-01
1.724605845948756766e-01
2.713738328913377629e-01
1.276916429130974251e-01
1.647721209365053952e-01
1.142664684460745761e-01
1.654408302840568723e-01
1.354295483654857080e-01
1.729650561028126532e-01
1.521628785291015973e-01
1.198157435079041377e-01
1.507447258788490174e-01
1.770852944792862260e-01
1.864078119983156867e-01
1.736243816437212928e-01
1.604914634269949403e-01
1.805937037689862024e-01
5.704861194374188926e-02
1.455283291924729383e-01
2.229425724677946974e-01
2.238842103656875082e-01
1.317208397874454207e-01
2.613392364460942474e-01
1.057055304568006449e-01
1.762234323324092244e-01
2.342610457166038884e-01
1.629957331500957451e-01
2.464445179515184492e-01
1.687574231776878264e-01
5.908706129671958962e-02
2.606034326920889654e-01
1.580674666866874745e-01
2.881278162521114794e-01
1.901488343067478937e-01
1.948136420874782004e-01
1.263618175737812876e-01
1.422258249638952421e-01
2.217181851898741840e-01
1.173387395509664088e-01
1.689354348415426088e-01
1.280603551008105967e-01
1.243509644602580622e-01
2.044698457371385558e-01
1.786659318555079423e-01
1.145420368532219513e-01
1.246170159699806490e-01
1.817656540012997368e-01
1.782117710698623014e-01
1.747352148596377219e-01
1.000132427284281533e-01
1.488864404878018632e-01
1.319620205913167865e-01
1.279264690850512309e-01
2.018312194050055908e-01
1.621867745807676897e-01
2.191555473860562486e-01
1.921462908237856482e-01
1.402395323027914031e-01
2.375987098321603597e-01
1.722476073945493624e-01
1.588493837995290647e-01
2.612557345484542992e-01
1.588119931977427512e-01
1.351972189069838848e-01
2.403794270968857560e-01
2.291461780266050852e-01
1.588493837995290647e-01
2.411991816990699533e-01
1.861897157963277039e-01
1.742896404063927207e-01
1.793187301134917533e-01
1.245450231708336020e-01
1.168273492145379677e-01
1.625873744432171364e-01
1.984374844095349033e-01
2.283928632219627275e-01
1.637723029508970640e-01
1.100856557423588455e-01
2.900645622924962197e-01
2.771880515468145845e-01
1.241351178504714881e-01
2.626375175496438175e-01
1.650958581893471333e-01
1.265372089515386378e-01
1.594350694279595970e-01
2.603875624427161029e-01
1.381290510034478558e-01
2.753668569977216762e-01
1.899084020236010417e-01
1.547935838879679338e-01
2.900645622924962197e-01
2.225096833451516432e-01
1.779956150068500165e-01
1.884929572206974768e-01
1.481438104688272972e-01
1.755258003885025175e-01
1.634427060108247787e-01
1.560949075474296066e-01
2.129419809435324495e-01
1.210390374654561896e-01
1.488643339015460754e-01
1.931136609640971002e-01
1.588119931977427512e-01
2.285258575114061941e-01
1.647165590676236135e-01
1.583050897554807435e-01
1.644114575594599614e-01
2.639537681238985911e-01
1.744376924979471610e-01
1.588419407196299815e-01
1.799151913148460125e-01
2.726976066798929565e-01
1.219727748311179027e-01
1.504431276641229331e-01
2.153848375882176924e-01
2.791537133913601920e-01
1.845619998808345485e-02
1.360063179472854600e-01
1.627149449297489170e-01
1.749365966234055492e-01
1.632035989389999386e-01
2.873993081565719976e-01
1.225491876844904127e-01
2.116645322960781783e-01
4.009782755180779645e-02
1.370094750776207349e-01
1.686609941789480871e-01
1.832748317431507346e-01
1.473904867520730022e-01
1.496069216656641387e-01
1.383468483619738620e-01
1.259243036844086561e-01
1.627149449297489170e-01
1.823171307091149274e-01
2.259493019537091030e-01
1.265372089515386378e-01
1.692960646295835758e-01
1.217719266577752535e-01
1.483252067068470126e-01
1.438330998956791618e-01
2.020679063428714173e-01
1.228192453200680490e-01
2.059583972255181195e-01
1.983547322120005063e-01
1.279686333562093381e-01
1.205989726731457878e-01
1.356868765758481032e-01
2.556056745552126586e-01
2.882226301571622074e-01
1.712776167744491929e-01
2.037563707930019063e-01
1.647716307237887534e-01
1.455258264261605206e-01
1.768150503888259450e-01
1.965256799556849288e-01
2.001891911371043165e-01
4.009782755180779645e-02
2.635809354558347195e-01
1.650958581893471333e-01
2.069537960660809972e-01
1.507003102832804586e-02
2.175623465623210961e-01
2.313683732387561420e-01
2.155155256779615058e-01
1.479726771063827329e-01
2.873993081565719976e-01
2.212904084038322949e-01
1.618744533445504175e-01
1.580068781263994637e-01
2.300838222034853331e-01
1.724605845948756766e-01
1.588119931977427512e-01
2.331538290775521105e-01
1.320388667579441844e-01
1.627149449297489170e-01
1.156870347293512680e-01
2.583792578424075614e-01
1.993231819822609552e-01
1.149013019379427902e-01
2.056132490315913941e-01
1.207307769289194255e-01
1.555356671612839747e-01
1.622619035105730134e-01
2.217559436576452825e-01
1.632658868973564381e-01
2.434420738832345776e-01
2.179470094684585746e-01
2.615302080094163983e-01
1.627149449297489170e-01
1.504431276641229331e-01
1.123142128385641314e-01
1.354818495045231330e-01
1.772216868951774771e-01
1.510977679960054942e-01
1.337095311686633536e-01
1.555607991333110007e-01
1.664621199863951517e-01
2.213082439705784665e-01
1.772429322508042304e-01
1.701381556140741935e-01
2.148657305232708481e-01
1.627149449297489170e-01
1.340353702273144876e-01
1.331658652543241672e-01
2.358985870989318556e-01
1.667179848664543940e-01
2.127256139735163032e-01
1.855423476620030598e-01
8.217054043627936011e-02
1.490645704796103033e-01
1.817267822662005372e-01
1.602541519269129466e-01
2.784323449311649767e-01
1.627149449297489170e-01
2.129419809435324495e-01
1.288130291312539200e-01
1.495845227021126433e-01
1.482426864090591323e-01
1.453499945507736868e-01
1.438477468835897000e-01
2.803269182963248340e-01
2.061747876776403032e-01
1.874777448802973367e-01
2.125704095259592918e-01
2.152866349721680450e-01
1.390900930794565227e-01
2.631506597883479515e-01
1.270658087169307393e-01
1.406720046397165191e-01
1.270658087169307393e-01
2.023989840747404401e-01
2.234067039612206429e-01
1.301356276756626684e-01
1.696444180126475132e-01
1.331658652543241672e-01
1.615823175780235488e-01
1.028354314614494669e-01
1.521200610037549694e-01
2.234703581812000905e-01
1.514342004793345353e-01
2.938428928390264261e-01
2.160769283969763421e-01
1.669666399739311302e-01
1.696427103644344569e-01
1.616172149485901599e-01
2.438188990239416043e-01
1.005708194391585764e-01
1.086492850928335585e-01
1.364085639150722784e-01
1.601673047871514655e-01
1.775320046011419350e-01
5.567637793362933962e-02
2.185857742483898747e-01
1.456981607486094177e-01
2.222307742751148396e-01
2.117421996058972411e-01
1.602541519269129466e-01
1.845619998808345485e-02
1.263198643437588586e-01
1.083910145931854530e-01
1.041822652018939976e-01
1.677935365459664041e-01
1.637723029508970640e-01
2.349895538121424821e-01
1.419273162044509817e-01
1.893450453134848388e-01
1.245687008488260972e-01
1.692960646295835758e-01
1.263276119033784894e-01
1.571314344859873202e-01
2.437561070849891820e-01
1.782117710698623014e-01
1.782117710698623014e-01
1.337017836090428347e-01
1.664621199863951517e-01
2.883412309936854712e-01
1.130354541127456258e-01
2.199147132234022806e-01
2.125266004920565166e-01
1.263198643437588586e-01
9.794620583583135698e-02
1.693058474814872483e-01
1.375779766700269136e-01
1.447342068853689767e-01
1.870570803247471048e-01
5.499619780578157702e-02
2.392137741442850185e-01
2.336568955918734147e-01
1.341296881617894954e-01
1.622267110661699263e-01
3.296364911449067847e-02
1.288064205933281414e-01
1.783499357254356710e-01
1.278498304392714502e-01
1.755966571526119679e-01
1.639984007808008570e-01
1.788866447307961849e-01
1.691888186300110064e-01
1.241351178504714881e-01
1.449871263584334713e-01
1.572757551955179522e-01
1.804298716179522089e-01
2.057454200251935816e-01
1.736435685569519549e-01
1.706949953714662627e-01
1.297536987670202535e-01
1.334426064047784521e-01
1.256539890125516479e-01
2.784323449311649767e-01
1.413985270073636613e-01
1.652006544302837554e-01
1.516310014761552694e-01
1.360450067617344772e-01
1.463098178656618842e-01
1.841999559473119774e-01
1.065458798861280698e-01
1.346926069747356181e-01
2.331538290775521105e-01
2.219213995235387316e-01
3.203150878182459138e-02
1.749365966234055492e-01
2.476010621633113473e-01
2.575993175915174405e-01
1.931987561154615562e-01
1.756997053636473183e-01
1.333012085208826747e-01
1.622267110661699263e-01
1.278498304392714502e-01
1.431668500832925517e-01
1.594327920932920861e-01
1.709717684933398374e-01
2.795984102007844641e-01
1.453499945507736868e-01
2.060086930487656787e-01
2.671753025613670118e-01
2.235605662263431270e-01
2.171721808787552277e-01
1.293497381366153220e-01
1.536212534726564272e-01
1.229502180729236116e-01
1.772782324031769718e-01
2.734602359727462684e-01
1.654830125223147874e-01
1.126820254642586505e-01
1.786133822162767615e-01
1.780736208856570357e-01
2.678943236055237875e-01
2.226550853089985793e-01
1.836967147255048616e-01
1.567702771850720822e-01
2.803269182963248340e-01
2.693407517325354661e-01
1.200981594561181254e-01
2.504030508362511398e-01
1.117944822708745178e-01
1.972004489260976712e-01
2.210456142377843491e-01
1.715721899261266614e-01
1.513928867071019368e-01
1.805789980733116806e-01
2.310448062689829385e-01
1.226607602743117198e-01
2.219043128777045126e-01
1.805949577835663789e-01
1.503558638200876985e-01
2.140564786715746237e-01
2.784962354352744640e-01
2.110447823542225265e-01
1.654506333906438087e-01
1.764459619767961840e-01
2.227923224771695132e-01
1.276263901452585614e-01
1.811279213278496059e-01
1.467950368013903883e-01
2.387751696534738954e-01
2.957106734715537755e-01
2.148657305232708481e-01
1.775318174921531877e-01
1.270853874182291676e-01
1.634489446083522424e-01
1.622337139656035987e-01
1.593072642227166824e-01
1.740280223737418197e-01
9.452189069437988422e-02
2.406244845503522356e-01
2.757030397206294836e-01
1.805937037689862024e-01
2.115950898903511401e-01
2.194903945501263109e-01
1.234242360618500456e-01
1.014498863695498798e-01
1.259772780141918957e-01
1.724605845948756766e-01
2.580691826832914870e-01
3.619871538106789188e-02
1.397677112060966564e-01
2.189349214168467839e-01
2.018312194050055908e-01
2.575993175915174405e-01
5.150574286373910127e-02
1.662061874828113517e-01
2.785223304427830726e-01
1.996020772121385178e-01
1.958499487476599299e-01
1.547935838879679338e-01
1.665522481278385314e-01
2.089219999514302373e-01
1.278190754175128063e-01
1.534447169092256757e-02
1.394102367011518240e-01
1.225491876844904127e-01
1.756997053636473183e-01
1.873064065067708839e-02
9.716127571186472522e-02
1.800403566214159312e-01
1.422324872069200552e-01
1.248230322693535399e-01
1.492168067289432187e-01
1.627437685827208824e-01
1.226303363231302512e-01
2.221764719867174165e-01
1.903726931988032334e-01
2.059583972255181195e-01
1.768150503888259450e-01
2.235505314397716603e-01
1.177252930750416482e-01
1.251729334759064116e-01
2.488432737520378524e-01
2.780113735474056824e-01
1.768150503888259450e-01
1.378973131713259193e-01
2.120287798727309436e-01
2.459511729706447269e-01
1.770420487810202559e-01
2.308555095265916179e-01
1.588493837995290647e-01
1.998525289164829744e-01
2.261316038554950225e-01
2.811215563500555348e-01
2.291461780266050852e-01
1.469511050686680420e-01
1.667314343637160690e-01
1.567702771850720822e-01
1.569560491196861918e-01
2.436024471844602246e-01
2.225096833451516432e-01
1.686163681882835164e-01
1.246462015738138973e-01
1.114991949439998464e-01
1.472665860352053713e-01
2.195860227318497948e-01
1.570080823635020550e-01
1.748573022877328853e-01
1.209734046201997870e-01
1.736243816437212928e-01
1.760151242875318545e-01
2.727470484351259827e-01
1.032875217565720760e-01
1.588493837995290647e-01
1.811492487892030212e-01
1.487046359266201989e-01
1.613871716915893373e-01
1.481697252771505546e-01
1.724605845948756766e-01
1.769174048304886782e-01
1.263276119033784894e-01
1.487665432255411702e-01
1.768945099797507581e-01
2.330876283495886270e-01
2.229425724677946974e-01
1.214791879250505247e-01
1.521628785291015973e-01
1.405406397751738368e-01
1.378765763596021543e-01
1.478864824225230024e-01
1.632658868973564381e-01
1.600592970240741764e-01
2.630277008962256247e-01
2.317717969541819301e-01
1.914504630016118369e-01
1.498047683238716843e-01
1.627149449297489170e-01
1.265372089515386378e-01
1.437103494787699276e-01
1.817573250497233062e-01
1.743473976932730096e-01
1.017078074344768268e-01
2.402983158027440780e-01
2.151597444577220131e-01
1.680888925675274592e-01
2.154236316743602941e-01
1.828032352662765092e-01
2.753284508552766852e-01
2.001891911371043165e-01
1.288130291312539200e-01
1.245621588049408146e-01
1.588119931977427512e-01
1.767305844069779752e-01
1.534369059460960472e-01
1.415234403237812799e-01
1.241351178504714881e-01
2.239499333282521931e-01
2.888355229377301825e-01
1.458335659344447421e-01
1.193907132666653936e-01
1.492168067289432187e-01
2.691653558486510889e-01
1.760705238777706683e-01
2.431576230633600844e-01
1.501574235996709916e-01
1.856090180009335455e-01
1.426270558473055061e-01
2.023989840747404401e-01
2.639537681238985911e-01
1.547935838879679338e-01
2.232863450010746931e-01
1.188342514745954759e-01
1.269993079960309856e-01
1.221489094884953275e-01
1.667124431009288088e-01
2.232863450010746931e-01
1.202652463017610529e-01
2.240551871924845173e-01
1.588119931977427512e-01
1.829629422483112222e-01
1.618472000701371982e-01
1.459458520596736975e-01
1.130736885379439727e-01
2.153535374109596390e-01
1.404035673612211710e-01
1.239046930238183464e-01
1.341296881617894954e-01
1.129910052107057084e-01
2.397992025554067652e-01
2.784323449311649767e-01
2.698669736053558310e-01
1.784087885599330292e-01
1.537783190553243529e-01
1.692960646295835758e-01
2.785223304427830726e-01
1.257900918642285149e-01
1.632661130018515649e-01
1.605435407013189320e-01
2.772203570470734846e-01
2.338542663421891987e-01
1.773615578974210294e-01
1.643513316782918565e-01
2.783776781092299757e-01
2.741112722482821340e-01
1.818801629803923348e-01
2.054865530986589306e-01
1.897365267179855763e-01
2.227502831113223891e-01
1.782117710698623014e-01
1.582386897387433322e-01
2.105792471004095390e-01
2.839733360074303548e-01
1.844554608814199526e-01
2.015189830883326039e-01
1.500678315455061806e-01
2.639537681238985911e-01
1.664621199863951517e-01
2.800193815845464229e-01
1.622267110661699263e-01
1.313710811785702148e-01
1.168273492145379677e-01
2.434934423078223276e-01
1.156121900118378676e-01
1.828032352662765092e-01
2.061496691803927916e-01
1.643122671465730988e-01
2.311357770785775756e-01
2.026119612750667542e-01
1.318939721631267048e-01
1.838652851514392950e-01
2.200470370405218645e-01
2.803269182963248340e-01
1.314961564738688082e-01
1.768945099797507581e-01
1.577841180734464999e-01
2.176911085215467168e-01
2.173241513215451448e-01
1.892630166206012987e-01
1.038925539277641974e-01
2.185857742483898747e-01
2.119465821029695718e-01
2.134988044187418055e-01
1.627149449297489170e-01
2.633591138259596676e-01
1.724605845948756766e-01
1.488864404878018632e-01
2.319191807209008971e-01
1.748437713085797540e-01
1.423902098784344261e-01
1.633361804894191138e-01
2.112897009765895007e-01
2.883937031850685173e-01
1.617966009694322693e-01
1.754821673507596103e-01
1.588119931977427512e-01
2.069537960660809972e-01
2.152678872376512231e-01
1.733483796818129363e-01
2.247971315467989228e-01
2.094254763895007088e-01
1.751588302613358294e-01
1.228192453200680490e-01
1.479726771063827329e-01
1.829956431632542291e-01
2.938428928390264261e-01
1.071672519980495508e-01
1.782117710698623014e-01
1.160215957716888013e-01
2.715415431927779011e-01
1.845514257238889400e-02
1.852887764216442079e-01
2.556056745552126586e-01
2.321550611371430151e-01
1.577841180734464999e-01
1.588119931977427512e-01
2.639537681238985911e-01
2.850369815778375227e-02
2.331538290775521105e-01
2.402913154694248377e-01
1.303104134521744228e-01
1.466776486613223796e-01
1.392119302781402723e-01
1.645407505294667061e-01
1.148533997218725844e-01
1.340372276605750201e-01
1.767791187571097211e-01
1.017125661361468758e-01
2.040385617265494389e-01
1.730620807074565448e-01
1.317071908095988064e-01
1.447989964115778960e-01
1.176375764432169291e-01
1.815559964922615066e-01
1.618745422556431279e-01
1.149013019379427902e-01
2.451833217762819928e-01
1.672176740785635829e-01
1.588119931977427512e-01
2.787750882001933661e-01
1.925432411914824726e-01
1.815129118895359994e-01
2.685740790833195391e-01
2.298061341530370782e-01
1.828032352662765092e-01
1.488864404878018632e-01
1.647721209365053952e-01
2.459479688194177172e-01
2.200329504354971988e-01
1.849292706485403670e-01
1.062953137478102050e-01
1.546255248337313759e-01
1.577119605862149498e-01
2.387751696534738954e-01
2.116760309198841838e-01
1.627149449297489170e-01
1.760075683574253702e-01
1.337095311686633536e-01
2.120979553799449135e-01
2.185857742483898747e-01
1.243892326871050003e-01
2.199262118472082861e-01
1.828032352662765092e-01
1.748736411030611393e-01
1.488864404878018632e-01
1.475921243603810495e-01
9.443942108639813426e-02
2.353550523687903961e-01
1.793651149387125443e-01
1.883132896523642685e-01
1.331658652543241672e-01
1.288473310920901227e-01
1.580284936727602840e-01
2.182689560230128833e-01
2.284569739771740160e-01
2.008173785166302849e-01
2.264855959969303001e-01
1.176382452855246896e-01
2.020441966053327931e-01
1.252503603730756865e-01
2.160926641892082500e-01
2.291461780266050852e-01
2.210456142377843491e-01
1.541494957311444480e-01
1.664621199863951517e-01
1.627149449297489170e-01
2.283928632219627275e-01
1.610865095555169546e-01
1.265372089515386378e-01
1.800447805144473890e-01
1.430839243695682939e-01
1.854795934921966705e-01
1.567813047661834602e-01
2.856822134282364090e-01
1.709995549019875938e-01
2.001891911371043165e-01
2.119465821029695718e-01
1.576315542778168322e-01
1.223386038019507183e-01
2.047253610180206351e-01
1.490128728439117367e-01
1.625254646195131158e-01
1.986319976439929746e-01
1.805937037689862024e-01
2.676549067754434574e-01
1.747454622359292387e-01
2.073081487739258932e-01
1.725504683663494632e-01
1.516958162298838175e-01
1.320838137569886328e-01
1.492168067289432187e-01
1.639230482516680354e-01
2.045688537292340570e-01
2.332763695907154045e-01
1.659624307742868510e-01
1.320388667579441844e-01
2.364980463862291771e-01
1.668909568749432637e-01
2.329235214747500393e-01
2.784323449311649767e-01
1.280603551008105967e-01
1.724605845948756766e-01
2.470989194545349932e-01
2.227502831113223891e-01
2.639537681238985911e-01
1.783285645107026696e-01
1.273490774991712371e-01
1.572777020199049858e-01
2.938428928390264261e-01
1.588119931977427512e-01
1.681681905237581987e-01
1.263276119033784894e-01
1.662594225170996864e-01
1.057797107906468526e-01
1.305294947515838189e-01
1.513778476188969435e-01
1.625254646195131158e-01
1.820860480395500858e-01
1.335485376204115227e-01
1.779956150068500165e-01
2.421928891679030471e-01
1.609967396910310100e-01
1.402904302300518324e-01
1.217785839959617533e-01
1.861301950781664161e-01
1.401404785592177404e-01
2.227502831113223891e-01
2.580691826832914870e-01
1.661461689235412820e-01
2.785223304427830726e-01
8.507144255919829590e-02
1.288130291312539200e-01
1.126820254642586505e-01
1.167527666699061939e-01
1.712358897696484306e-01
1.518159025958727426e-01
1.580674666866874745e-01
1.593855290704651040e-01
1.668338938532691884e-01
1.678154503533342279e-01
1.513302986650870707e-01
2.787750882001933661e-01
1.622619035105730134e-01
2.057454200251935816e-01
2.343009452588873387e-01
1.488864404878018632e-01
1.301757634711062650e-01
1.737332221086873574e-01
1.642677151581217743e-01
1.736243816437212928e-01
2.217225165785645657e-01
2.671753025613670118e-01
1.727938167937566050e-01
1.484994062589111152e-01
1.473904867520730022e-01
1.724605845948756766e-01
2.751521634378679693e-01
1.757029897362913928e-01
2.326740090632233304e-01
2.020679063428714173e-01
1.744323538878376212e-01
1.305294947515838189e-01
1.377904517977750487e-01
1.879020552155141743e-01
1.471556831184175351e-01
1.251028986220728001e-01
2.229425724677946974e-01
6.349988798082240038e-02
1.603212981050354813e-01
1.678363602525463349e-01
1.739515215072104937e-01
1.815119682322157146e-01
1.496875735719571665e-01
1.564694409116063056e-01
3.240281032852365684e-02
1.804298716179522089e-01
1.314841534057764605e-01
1.756985407459090709e-01
1.327456491661553883e-01
1.989088666693898944e-01
1.800663301488656387e-01
1.622267110661699263e-01
2.639537681238985911e-01
1.610865095555169546e-01
2.363125233488450050e-01
1.567702771850720822e-01
1.569560491196861918e-01
1.538157479694426399e-01
2.255974752089988655e-01
1.837712400390438816e-01
1.662423368043626226e-01
2.229425724677946974e-01
1.789638652503979799e-01
3.257153805685142345e-02
2.275363386070887728e-01
2.757335038105450664e-01
1.710790144929132950e-01
1.270658087169307393e-01
1.479378810547080647e-01
1.449562113280871145e-01
1.443041306890560094e-01
1.307724708548256842e-01
1.784056856167683947e-01
1.777491255188605734e-01
1.241351178504714881e-01
1.224751490375979301e-01
2.603875624427161029e-01
1.500678315455061806e-01
2.504355578320325293e-01
1.507995584695356328e-01
1.600628183148842254e-01
1.881010517146552985e-01
1.627149449297489170e-01
2.160694726934844212e-01
1.077187117005200534e-01
1.576918519236212290e-01
1.805937037689862024e-01
1.680888925675274592e-01
1.774337647529327100e-01
2.122825281571811828e-01
1.492168067289432187e-01
1.272397622735539358e-01
1.724605845948756766e-01
1.219024633063963137e-01
2.253083925978494051e-01
1.496744731879298129e-01
1.588493837995290647e-01
2.372096114477946216e-01
1.576180536967006773e-01
2.592760823536179871e-01
1.622337139656035987e-01
2.261041211373369109e-01
1.451819169267398735e-01
1.313815158389841642e-01
1.805937037689862024e-01
1.632661130018515649e-01
1.132696622608966308e-01
1.736243816437212928e-01
1.226485606921770000e-01
1.211059348970700000e-01
1.897296187486228192e-01
2.144120250562959740e-01
1.664478161000184642e-01
1.210390374654561896e-01
2.002635066052533830e-01
1.588119931977427512e-01
9.597900137548709409e-02
1.627149449297489170e-01
2.719511885517755800e-01
1.791623054708146867e-01
2.219331820523215981e-01
2.329235214747500393e-01
1.351751372994183242e-01
1.632035989389999386e-01
1.696829429914119558e-01
1.932084820532322667e-01
1.737984744387350844e-01
1.059743492511167062e-01
2.755467344841520116e-01
1.736243816437212928e-01
1.305294947515838189e-01
1.565254640178386225e-01
2.149478698594942117e-01
2.018312194050055908e-01
1.153705654399432845e-01
1.521628785291015973e-01
1.335048688475160006e-01
1.746249065868283878e-01
1.874563811973946059e-01
1.471814897773491282e-01
2.852159006712478018e-01
1.755258003885025175e-01
2.229466510738742357e-01
1.588419407196299815e-01
2.284495513566175973e-01
1.989088666693898944e-01
1.440127317822481601e-01
1.457016938772506265e-01
1.655151710170743584e-01
9.597900137548709409e-02
2.828655137207318759e-01
2.057336616122427131e-01
1.126820254642586505e-01
1.430839243695682939e-01
1.573277992189181518e-01
1.621867745807676897e-01
1.442116848170327259e-01
1.455371672003584749e-01
1.939467008499820011e-01
1.403560458470307637e-01
2.727736854481648265e-01
2.078267474696522399e-01
1.383932669408292071e-01
2.403794270968857560e-01
2.221764719867174165e-01
1.744318636751209795e-01
2.145383151223674290e-01
2.633591138259596676e-01
1.636308961941148610e-01
1.572839671617058954e-01
1.813415215284948090e-01
1.767305844069779752e-01
1.995106786829632384e-01
1.783273613243459010e-01
1.854795934921966705e-01
1.760075683574253702e-01
1.724605845948756766e-01
2.359797816405100335e-01
1.717169441839310196e-01
9.689227937713074112e-02
1.651256416964628215e-01
1.411433216051234396e-01
2.811715519914566030e-01
2.116760309198841838e-01
1.224400402208214444e-01
2.737901035545791117e-01
1.587839360590557192e-01
1.826458954865817219e-01
2.326102402460437091e-01
1.834922561988392431e-01
1.706967838797881498e-01
1.632658868973564381e-01
1.570080823635020550e-01
1.038925539277641974e-01
1.265372089515386378e-01
1.651921752053446824e-01
2.253083925978494051e-01
1.596182957717893203e-01
2.004453559116372574e-01
1.760793976344698919e-01
2.232863450010746931e-01
1.337017836090428347e-01
1.394780928354251159e-01
2.292100685307145724e-01
2.001891911371043165e-01
1.492168067289432187e-01
2.639537681238985911e-01
1.669193224192504488e-01
1.278908987687001897e-01
1.680655319934318825e-01
3.294066694606812007e-02
1.632535863816446664e-01
1.142096800022933678e-01
1.055889437783879004e-01
2.610103880397751652e-01
1.492431562408293999e-01
1.518568862858664659e-01
1.824495168625697161e-01
1.415150317722106976e-01
2.281616727269009104e-01
1.995080903460495492e-01
1.376242284375539526e-01
1.609407578003381190e-01
1.043593060536940342e-01
1.513778476188969435e-01
2.773281779700278449e-01
1.087133037221796883e-01
1.874124863981387890e-01
1.241351178504714881e-01
1.574390868495649798e-01
1.130354541127456258e-01
1.334922139907464000e-01
1.329874874579033417e-01
1.789829066627417475e-01
1.890795358345638277e-01
1.612922221653203536e-01
1.003974963794300734e-01
2.218721017762117498e-01
2.253567094638331270e-01
1.296029534662483940e-01
1.755326706135837966e-01
1.600675216449669591e-01
1.267324647766994161e-01
1.916923236592396051e-01
1.492683099396439061e-01
1.622267110661699263e-01
1.832748317431507346e-01
1.302444162427081054e-01
1.818801629803923348e-01
1.613871716915893373e-01
1.769359314551977036e-01
1.453699457141279794e-01
2.436601756270118102e-01
2.122050040568623785e-01
2.780613691888058625e-01
1.846852405420191801e-01
2.364618105647267043e-01
2.240743290597269066e-01
1.543922501997823105e-01
1.822480938897736991e-01
2.471469902050902334e-01
1.528762472408446982e-01
1.365694102853094449e-01
1.664621199863951517e-01
1.488864404878018632e-01
2.564821460299127054e-01
1.784056856167683947e-01
1.661747959081960602e-01
1.507003102832804586e-02
2.317717969541819301e-01
1.664621199863951517e-01
1.252345387180904268e-01
1.848296428738347430e-01
1.588571595647083612e-01
1.566028068512874682e-01
1.995393381255112786e-01
2.246026085887145030e-01
9.723148342407306188e-02
1.615116237311378100e-01
8.507144255919829590e-02
2.179470094684585746e-01
1.627149449297489170e-01
1.809263707133004218e-01
1.139820075381061670e-01
1.845800507030883608e-01
2.227502831113223891e-01
1.588119931977427512e-01
1.492168067289432187e-01
1.559679189390701382e-01
1.951132915523690059e-02
2.466502342661911484e-01
1.607766892827973138e-01
2.377538081693089111e-01
1.686627576059587241e-01
1.485113185582784823e-01
2.409517656508217698e-01
1.627149449297489170e-01
1.581333035946332899e-01
2.147498270037404566e-01
1.224400402208214444e-01
1.120402545163949881e-01
1.195373582916499089e-01
2.114987191708799230e-01
1.134024357082124013e-01
1.829956431632542291e-01
1.779001993493185552e-01
3.538424544344653810e-02
1.223946623667275801e-01
1.423775890034715275e-01
1.656713469007016215e-01
1.754495746333093464e-01
1.130354541127456258e-01
1.743473976932730096e-01
1.205989726731457878e-01
1.919908324438850400e-01
1.265372089515386378e-01
1.387645821093963505e-01
2.715415431927779011e-01
1.238389572797329308e-01
1.414880071207429424e-01
1.891066702120323129e-01
1.301698426275681442e-01
8.548981892581153375e-02
1.488864404878018632e-01
1.847150517253846047e-01
2.718819059855865916e-01
2.355208059818227895e-01
1.265372089515386378e-01
1.382980127606696641e-01
1.438477468835897000e-01
2.314439076882184310e-01
2.310448062689829385e-01
1.101996740574824329e-01
1.688984906249180185e-01
1.588119931977427512e-01
1.294789514253231744e-01
1.804494088737103041e-01
2.219050303538621094e-01
1.255309950030731869e-01
1.914677783696472346e-01
1.675753619190487598e-01
2.171721808787552277e-01
1.275349297702224050e-01
2.125266004920565166e-01
1.185285055438729529e-01
1.877271228826300487e-01
2.265369753643566852e-01
1.683929614881112258e-01
1.186558507517521122e-01
1.564266590079839148e-01
1.197893602431916449e-01
1.411433216051234396e-01
1.451502107988726920e-01
2.508719960966612206e-01
1.449896590720829437e-01
2.545567597051681119e-01
2.927082395109916746e-01
1.873933100722249279e-01
1.678937498611645651e-01
2.069537960660809972e-01
1.914093139371182417e-01
1.762067746319662120e-02
1.506292600258634096e-01
1.632661130018515649e-01
1.221011166579533125e-01
9.716127571186472522e-02
1.842594590383574982e-01
1.337017836090428347e-01
2.222967061448253290e-01
3.837655210322576949e-02
1.194741990584944347e-01
1.652839183201484374e-01
1.644114575594599614e-01
2.134913595799989849e-01
1.696829429914119558e-01
1.717169441839310196e-01
1.747169852510968013e-01
1.567702771850720822e-01
1.227668532559942349e-01
1.271170835925410358e-01
1.588119931977427512e-01
1.425814487475465242e-01
1.755258003885025175e-01
2.027178505336078018e-01
1.763308221219830330e-01
1.489920152271260179e-01
1.513379386279609662e-01
1.273490774991712371e-01
2.104274891358555166e-01
2.518107376306177869e-01
1.600628183148842254e-01
1.575037557118434961e-01
2.781273951117322341e-01
1.337095311686633536e-01
2.881278162521114794e-01
1.398931957174864849e-01
2.116645322960781783e-01
2.748305004190338963e-01
2.291461780266050852e-01
1.627149449297489170e-01
1.475921243603810495e-01
2.387751696534738954e-01
1.567702771850720822e-01
1.577841180734464999e-01
1.588119931977427512e-01
1.779001993493185552e-01
1.364842108083816896e-01
1.622472122560223440e-01
2.438080969530345143e-01
1.890456182703363908e-01
1.458335659344447421e-01
9.452189069437988422e-02
2.737901035545791117e-01
2.489071642561473396e-01
2.384838380453331297e-01
2.332763695907154045e-01
1.973470586279706396e-01
2.333525215173626322e-01
2.277467408884090716e-01
2.667051817830898841e-01
2.813787238165206261e-01
1.326833822175359501e-01
1.904058549988620896e-01
1.845924394465923157e-01
1.668338938532691884e-01
1.850290822002857993e-01
1.356488257168910749e-01
1.477321619411275933e-01
1.692960646295835758e-01
2.043202285986343014e-01
2.788560072425365632e-01
2.633591138259596676e-01
2.839937489781059199e-01
1.742896404063927207e-01
1.686163681882835164e-01
1.547644515606885207e-01
2.310007371056093106e-01
2.723273236765555438e-01
1.602522131799757332e-01
1.724605845948756766e-01
1.500678315455061806e-01
1.690928702811609341e-01
1.784004050159504473e-01
2.588365764106397293e-01
1.419273162044509817e-01
1.589320872162351961e-01
1.533800324351366484e-01
2.225875752463180035e-01
1.841999559473119774e-01
1.125886535011577649e-01
1.590489774265089196e-01
2.219393876014290612e-01
1.637153727334501596e-01
1.176827516272140883e-01
1.626096557047880253e-01
2.261041211373369109e-01
1.654506333906438087e-01
1.248190037128207308e-01
1.633668641379006914e-01
2.245672698303389225e-01
1.272150839984327320e-01
1.775172989054674133e-01
8.709357343402324148e-02
1.305294947515838189e-01
1.920908984375211404e-01
2.612557345484542992e-01
1.119134907219194730e-01
2.421928891679030471e-01
1.869096227098800966e-01
1.861301950781664161e-01
2.116760309198841838e-01
1.856090180009335455e-01
2.787750882001933661e-01
1.672176740785635829e-01
1.247479554720092310e-01
2.603875624427161029e-01
1.320388667579441844e-01
2.384004983905620989e-01
1.773574153901282813e-01
2.026119612750667542e-01
1.461365652816191130e-01
1.223911542431901367e-01
1.681234283226817894e-01
1.746249065868283878e-01
1.565991895657656841e-01
1.255512044663458227e-01
2.758572312377767233e-01
1.440186443243405279e-01
1.376242284375539526e-01
2.043202285986343014e-01
1.281272793974386204e-01
2.200470370405218645e-01
1.793444443096481322e-01
1.387040110987145525e-01
1.312952650447414271e-01
1.686163681882835164e-01
1.693058474814872483e-01
1.567702771850720822e-01
6.334705541392349204e-02
1.588119931977427512e-01
1.736243816437212928e-01
1.552698238810634734e-01
1.495382981744981521e-01
1.431885080916277531e-01
1.349177204240650241e-01
1.217719266577752535e-01
1.251729334759064116e-01
2.169390603933205597e-01
1.521069060309692134e-01
1.627149449297489170e-01
1.902733737689121796e-01
1.071190817410556662e-01
3.294066694606812007e-02
2.645796532632997966e-01
2.218721017762117498e-01
1.627149449297489170e-01
1.627149449297489170e-01
1.252384517382694185e-01
1.627149449297489170e-01
1.627149449297489170e-01
2.591312728071653027e-01
2.608005949941984980e-01
1.429668078370687212e-01
1.341612490853174577e-01
1.123142128385641314e-01
1.063853234501985767e-01
1.637703584052934147e-01
1.330605821813550804e-01
1.210189979678837346e-01
1.662099883525973709e-01
1.809247815008561133e-01
1.168911295532035766e-01
1.627149449297489170e-01
1.152062004425227215e-01
2.938428928390264261e-01
1.096460814293145347e-01
2.311632225174999888e-01
1.444772800534384061e-01
2.575993175915174405e-01
1.863792709824352301e-01
1.625254646195131158e-01
6.556877298181706948e-02
1.588493837995290647e-01
1.741546559929041393e-01
2.018776555872339173e-01
1.973082864566695349e-01
1.265372089515386378e-01
1.265372089515386378e-01
2.459511729706447269e-01
1.342541182264316291e-01
2.002635066052533830e-01
1.190758760464909471e-01
1.299716463284878998e-01
1.861838499767980437e-01
1.092728989351643420e-01
1.627584620625217582e-01
1.228969670898392152e-01
1.289748135211130631e-01
1.303572402901940208e-01
1.592435920402186511e-01
1.744416867405016447e-01
7.072631562156406204e-02
1.834050953371306747e-01
2.624327239840997805e-01
1.625873744432171364e-01
1.597016340425536640e-01
1.289657915208950456e-01
1.589245253869586705e-01
1.770420487810202559e-01
1.667022845387773344e-01
2.229425724677946974e-01
1.457103215407391517e-01
2.784962354352744640e-01
2.737798203443411182e-01
2.737901035545791117e-01
1.317863117432009901e-01
1.812016505262512567e-01
2.169566890240171020e-01
1.265372089515386378e-01
1.987812569428148990e-01
1.488864404878018632e-01
1.818801629803923348e-01
1.228969670898392152e-01
1.118219209710344941e-01
1.259772780141918957e-01
1.625254646195131158e-01
6.771671560467940054e-02
9.723148342407306188e-02
1.499613332399976073e-01
1.396668937914666841e-01
1.798408179249539884e-01
1.742833618999961587e-01
2.185857742483898747e-01
1.891066702120323129e-01
1.567702771850720822e-01
1.420598361506604235e-01
1.357435323611815292e-01
2.316201663247010600e-01
1.289824742445837558e-01
1.918670395454658006e-01
1.283372066701859993e-01
1.610865095555169546e-01
1.829956431632542291e-01
1.868562931769357505e-01
1.532900883369396894e-01
1.731390970490149783e-01
1.593855290704651040e-01
2.043202285986343014e-01
1.830734793567367902e-01
1.647721209365053952e-01
2.291461780266050852e-01
1.586900940167783602e-01
1.627750212595042711e-01
2.403794270968857560e-01
1.669090850045247265e-01
1.406720046397165191e-01
2.028660197795311149e-01
1.782117710698623014e-01
1.263198643437588586e-01
2.116760309198841838e-01
1.665522481278385314e-01
1.337095311686633536e-01
1.627437685827208824e-01
1.128639678044205397e-01
2.771880515468145845e-01
2.020441966053327931e-01
2.185634480764857557e-01
1.772429322508042304e-01
1.273490774991712371e-01
1.076732403612608024e-01
2.119465821029695718e-01
1.680248841293092710e-01
1.411450502394799855e-01
1.694292862785600207e-01
1.461974782755355307e-01
2.074292845971994481e-01
1.688800473415703607e-01
2.221536554844609768e-01
2.217241266919236509e-01
1.614025107338443732e-01
1.422763824311905623e-01
1.235504153031063979e-01
1.826458954865817219e-01
1.755258003885025175e-01
1.126879390792527857e-01
1.437786366752247247e-01
1.455283291924729383e-01
1.221221188224159704e-01
6.768378785088913219e-02
2.381964375138272416e-01
1.265372089515386378e-01
7.623561193521588564e-02
1.228969670898392152e-01
1.686163681882835164e-01
1.347262954123555900e-01
1.790789174700897490e-01
2.046720103562638116e-01
1.265372089515386378e-01
2.107655965046024704e-01
1.749365966234055492e-01
1.767305844069779752e-01
1.691927025676527307e-01
2.198340598401964385e-01
2.599662944957881194e-01
1.588119931977427512e-01
1.326071162902300316e-01
1.808121854385218441e-01
1.133845746776076524e-01
6.827468945885684093e-02
1.784004050159504473e-01
1.159834206280114799e-01
1.693058474814872483e-01
1.481438104688272972e-01
1.597374434772351748e-01
1.596182957717893203e-01
1.622350624320647583e-01
1.800663301488656387e-01
2.639537681238985911e-01
2.938428928390264261e-01
1.466223472010277362e-01
1.787774687886889424e-01
2.069537960660809972e-01
1.602541519269129466e-01
2.027436867815959332e-01
1.195236095653431363e-01
2.639537681238985911e-01
2.160382536243901086e-01
1.232871664579988646e-01
2.035964643643852767e-01
2.056132490315913941e-01
2.176911085215467168e-01
1.254079411597404103e-01
2.134913595799989849e-01
1.521628785291015973e-01
2.136972446391567360e-01
1.408094946666027525e-01
1.356401628253189884e-01
1.101002596600926253e-01
9.850951642328187319e-02
1.548569989843544548e-01
2.251259799531180050e-01
1.627149449297489170e-01
1.310882668086259528e-01
1.737984744387350844e-01
1.198681547409474746e-01
2.018776555872339173e-01
1.027106459415563222e-01
1.458335659344447421e-01
1.114469499911789896e-01
1.724605845948756766e-01
1.507995584695356328e-01
1.627149449297489170e-01
1.500678315455061806e-01
1.861301950781664161e-01
1.106286490546004586e-01
1.599688645667347586e-01
2.057454200251935816e-01
1.644114575594599614e-01
1.787508710103802301e-01
2.291461780266050852e-01
1.567702771850720822e-01
1.850290822002857993e-01
1.588493837995290647e-01
1.478200929357802451e-01
1.833802435836124900e-01
1.659817246221662046e-01
2.133631195858312068e-01
2.247971315467989228e-01
1.383667473493463973e-01
1.446178414554992742e-01
2.364980463862291771e-01
1.159467121395261202e-01
1.623829852012361741e-01
1.855189430774570880e-01
1.829629422483112222e-01
1.406999146104501719e-01
1.627149449297489170e-01
1.226790645235809052e-01
2.069537960660809972e-01
1.482426864090591323e-01
1.228969670898392152e-01
1.782117710698623014e-01
2.261832422762495298e-01
1.630086281790115166e-01
1.588119931977427512e-01
1.818617159088882218e-01
1.439882492901105593e-01
1.381290510034478558e-01
2.839937489781059199e-01
2.018312194050055908e-01
9.867024143527824975e-02
1.588119931977427512e-01
1.133845746776076524e-01
1.668909568749432637e-01
1.449896590720829437e-01
1.221011166579533125e-01
1.276263901452585614e-01
1.268765351579181910e-01
2.072975685993627692e-01
3.575554699014649174e-02
1.940028167103733381e-01
1.706086372544701746e-01
1.888379133390616360e-01
2.303960345716307145e-01
1.813415215284948090e-01
1.782117710698623014e-01
1.760078456451106277e-01
1.147393457532279726e-01
1.588119931977427512e-01
2.125266004920565166e-01
1.207631794208925413e-01
1.481928591008232488e-01
1.902367908359972049e-01
1.510548817679149280e-01
1.610297814292858121e-01
1.402395323027914031e-01
1.250190075963146796e-01
1.668056319163069290e-01
1.734305913566256407e-01
2.375604539712687924e-01
1.034041972850996416e-01
1.379557320659294817e-01
2.233123361989957090e-01
1.744416867405016447e-01
2.174954651784659632e-01
1.265372089515386378e-01
1.784056856167683947e-01
1.516958162298838175e-01
2.210456142377843491e-01
1.609967396910310100e-01
1.583683522361791773e-01
1.466776486613223796e-01
1.317208397874454207e-01
1.627149449297489170e-01
1.604476578101383666e-01
1.588119931977427512e-01
2.291461780266050852e-01
1.264097256245673151e-01
1.423902098784344261e-01
1.207631794208925413e-01
1.547935838879679338e-01
2.048691518531722267e-01
2.058251236298200837e-01
1.610410468772647263e-01
1.734305913566256407e-01
1.456588368236406694e-01
1.539865130323034847e-01
1.769099827469515773e-01
1.724521909125344976e-01
1.441081645056785376e-01
2.004640279859577490e-01
2.151597444577220131e-01
1.627149449297489170e-01
1.313710811785702148e-01
1.532530318091476218e-01
1.272115078533389010e-01
2.139765402314299791e-01
1.538523217055596248e-01
2.108527332478651317e-01
1.202605677165662357e-01
1.149013019379427902e-01
1.350264854928004965e-01
1.337095311686633536e-01
1.275349297702224050e-01
1.174624170668678858e-01
1.588493837995290647e-01
1.127244957666579950e-01
1.782117710698623014e-01
1.843848643111005714e-01
2.160694726934844212e-01
2.552619020219326629e-01
6.141654015553665857e-02
2.604827925259485255e-01
1.472941646522434311e-01
2.158529585699255904e-01
2.057454200251935816e-01
1.580674666866874745e-01
2.219050303538621094e-01
1.581974498608893498e-01
2.038652205975237663e-01
1.394780928354251159e-01
1.265372089515386378e-01
1.588119931977427512e-01
2.347408657309317803e-01
1.333176660550492443e-01
2.193685245863834510e-01
2.578627264640243055e-01
1.498047683238716843e-01
1.331658652543241672e-01
1.270658087169307393e-01
1.143674057087968876e-01
5.150574286373910127e-02
2.271641084510696018e-01
1.462969467865100626e-01
2.140944478045225807e-01
1.669059086054511809e-01
1.610865095555169546e-01
1.754821673507596103e-01
2.304126706098053035e-01
1.826624940628969185e-01
1.227668532559942349e-01
2.159203472457384976e-01
2.333525215173626322e-01
1.829771079668391920e-01
2.639537681238985911e-01
1.534753171943421535e-01
1.672176740785635829e-01
2.183387211473872824e-01
2.866193679056809884e-01
1.507995584695356328e-01
1.626946149511061535e-01
1.922934035212771064e-01
2.280726326503108581e-01
1.579117369459632769e-01
1.583829976828399211e-01
2.613392364460942474e-01
2.719791081514024711e-01
1.674963764695043267e-01
2.719511885517755800e-01
1.237598581545560350e-01
2.310007371056093106e-01
1.414104393067310284e-01
1.473904867520730022e-01
2.157285028782878200e-01
1.567702771850720822e-01
2.234067039612206429e-01
2.780613691888058625e-01
1.453257255641062784e-01
2.671753025613670118e-01
1.865851560415947574e-01
1.761496630106806904e-01
1.617699105273473492e-01
1.674271322757210356e-01
1.760075683574253702e-01
1.644114575594599614e-01
2.637562089917651065e-01
2.336602307873345552e-01
1.798408179249539884e-01
1.728454932149228185e-01
1.588493837995290647e-01
2.119465821029695718e-01
1.764105709958379009e-01
2.387751696534738954e-01
2.639537681238985911e-01
1.126820254642586505e-01
1.861581059463359722e-01
1.263421498620918015e-01
2.519630240849011216e-01
1.492168067289432187e-01
2.330948835730781710e-01
1.764105709958379009e-01
1.296029534662483940e-01
2.247971315467989228e-01
2.146222559288819554e-01
1.584830138340693750e-01
1.838514625555607296e-01
1.285123583966685246e-01
1.819865699456713060e-01
2.229466510738742357e-01
1.651323280351668643e-01
2.780613691888058625e-01
1.546638267690498836e-01
2.787750882001933661e-01
2.198340598401964385e-01
2.813787238165206261e-01
1.205989726731457878e-01
1.376608089296702531e-01
1.669059086054511809e-01
1.331617619561589194e-01
2.298246904807443869e-01
1.278290131185091383e-01
1.494487477941781606e-01
1.324215436133302504e-01
1.322245631667602339e-01
2.047830882376038275e-01
1.577841180734464999e-01
1.283317835796573547e-01
1.375669469301863401e-01
1.081403754856324895e-01
2.221852087612559146e-01
1.712254934900583336e-01
2.771880515468145845e-01
2.330948835730781710e-01
1.663310700432623079e-01
1.620155515287118320e-01
1.588119931977427512e-01
1.736243816437212928e-01
1.622267110661699263e-01
2.509692873518396539e-01
1.818993395934525026e-01
2.152587469017204214e-01
2.229466510738742357e-01
2.803482299908655051e-01
1.588119931977427512e-01
1.721339845155682724e-01
2.753668569977216762e-01
1.670110432409339651e-01
2.639537681238985911e-01
2.238400073726207751e-01
2.432802575720458549e-01
1.622267110661699263e-01
1.210390374654561896e-01
1.861176074072030673e-01
1.228969670898392152e-01
1.281706494359928783e-01
1.608109866568074864e-01
2.320227295661325684e-01
1.625198858403020807e-01
2.099988802141306010e-01
2.635224426435405221e-01
1.206266968919997851e-01
1.365755702907254232e-01
2.796676028255156155e-01
1.582127631855572147e-01
2.135870080362121115e-01
1.755595942906253981e-01
6.011333958468156879e-02
2.326740090632233304e-01
1.500678315455061806e-01
2.812784770673513179e-01
2.069537960660809972e-01
1.627149449297489170e-01
1.575169499152666575e-01
1.330230807478605115e-01
1.379282788544706762e-01
1.580674666866874745e-01
1.829956431632542291e-01
1.602541519269129466e-01
1.805937037689862024e-01
1.317876999595384291e-01
1.866964004562223778e-01
2.116645322960781783e-01
1.217324821645844324e-01
1.782117710698623014e-01
2.097973157141161948e-01
1.577841180734464999e-01
2.756391492165199963e-01
2.166335394268603665e-01
1.285123583966685246e-01
2.852679815411001130e-01
2.452924311260860080e-01
1.885184901095469101e-01
2.302009754821838783e-01
1.274474498336797268e-01
1.826458954865817219e-01
2.353550523687903961e-01
6.137327539327852577e-02
1.273702989221732196e-01
1.477287674332652401e-01
2.048691518531722267e-01
1.005708194391585764e-01
2.403794270968857560e-01
1.510772462692022700e-01
1.418854810924203846e-01
2.870704597502520272e-01
2.727470484351259827e-01
2.129691793709715952e-01
1.833231690030565630e-01
1.488864404878018632e-01
2.308555095265916179e-01
1.488864404878018632e-01
1.595906128359576570e-01
1.577935924258788702e-01
1.538296038988304915e-01
1.626096557047880253e-01
1.265372089515386378e-01
1.616088381540983221e-01
2.035329113291064473e-01
1.595906128359576570e-01
1.861503802766426574e-01
2.639537681238985911e-01
1.591992564596402815e-01
2.069379924041827579e-01
2.754369948846200344e-01
1.134024357082124013e-01
1.850599965117467605e-01
1.459233357989297986e-01
1.840787230952249942e-01
1.989088666693898944e-01
1.650958581893471333e-01
1.396115193359754869e-01
2.931156896359565778e-01
1.832086203635805433e-01
2.218311708910123414e-01
1.437103494787699276e-01
1.627149449297489170e-01
1.275925053411333110e-01
1.510772462692022700e-01
1.560369869097995021e-01
1.844949029529772133e-01
1.910523979181713017e-01
1.558863228980778004e-01
2.754369948846200344e-01
1.254878213773080731e-01
1.124271158184271258e-01
1.621209590299184100e-01
2.247971315467989228e-01
1.743473976932730096e-01
2.788250838415944344e-01
1.712358897696484306e-01
1.149013019379427902e-01
2.229425724677946974e-01
2.097895834971339468e-01
2.715662390838708973e-01
2.229425724677946974e-01
1.288064205933281414e-01
1.787441449156501605e-01
1.877271228826300487e-01
4.844005832700570835e-02
2.288826488409112514e-01
1.505969148544838987e-01
2.175242012867828478e-01
2.235605662263431270e-01
1.635896717031384284e-01
2.248584575274925612e-01
1.486994485051340575e-01
1.501912505343439008e-01
1.515584028162670904e-01
2.421928891679030471e-01
1.861897157963277039e-01
2.111825096279673630e-01
