2.460316017363410879e-01
2.460316017363410879e-01
2.412150663901968528e-01
2.009553951366989111e-01
2.911525894747413190e-01
2.825670319939170838e-01
3.114285277383590511e-01
2.562911625358523793e-01
2.790397849485621862e-01
1.948770474420129517e-01
2.618880824228426718e-01
3.053195955451482035e-01
2.749961963501732498e-01
2.820602194886649983e-01
2.009553951366989111e-01
3.536306305273786421e-01
2.841222894929789078e-01
2.665795447130694384e-01
3.149758747155519956e-01
3.481639215696912260e-01
3.117476093234774481e-01
2.617543817670284767e-01
9.553680755258930901e-02
3.508732024176097752e-01
2.799460063436338686e-01
2.009553951366989111e-01
1.838030130731951317e-01
2.114481864631336805e-01
2.562911625358523793e-01
3.226291536174148433e-01
2.696367118306461919e-01
2.748635649576414153e-01
3.172250089597206113e-01
2.288131530573220829e-01
1.647852432488630114e-01
2.886584104388365546e-01
2.782408068890571684e-01
2.939288691294486000e-01
3.267787546530982468e-01
2.742762251137822460e-01
3.427218406620351487e-01
2.613387122105894633e-01
1.773848613931026108e-01
7.672210331753959167e-02
2.080104048970135011e-01
3.047566406991233379e-01
3.328151918697113132e-01
3.037371275496241196e-01
3.120898894761126030e-01
2.617543817670284767e-01
3.358398118951928524e-01
2.490699376796801090e-01
2.436965181360299937e-01
3.174857998989590868e-01
2.566543116278054981e-01
2.514332407359578525e-01
1.571703129448209779e-01
3.612756572688482493e-01
7.672210331753959167e-02
1.579824842517414396e-01
3.572249788117822789e-01
2.439179907060093910e-01
2.960919316122350153e-01
3.205376332259284311e-01
1.916114758358542502e-01
3.528386065174604624e-01
2.326652256786285733e-01
3.047717446782645112e-01
3.136436635091417457e-01
2.635730809368208583e-01
3.429065356511245000e-01
3.798937694744459748e-01
3.525213251853838159e-01
2.362563614532238176e-01
3.567165417580753228e-01
2.557666331245442848e-01
3.149237572916021577e-01
2.422745346862011928e-01
1.673054056944849322e-01
2.696367118306461919e-01
2.603690831607732292e-01
3.195231058243255262e-01
3.170521130327781378e-01
2.004726023738054863e-01
2.009553951366989111e-01
3.601355375892918431e-01
2.009553951366989111e-01
2.703778218192383065e-01
2.485074527952022549e-01
3.572249788117822789e-01
3.289141402224426969e-01
2.563243686115157516e-01
2.960919316122350153e-01
2.562911625358523793e-01
3.102096990647869035e-01
2.886584104388365546e-01
1.673054056944849322e-01
3.735858295874603385e-01
3.084586891650182849e-01
3.798937694744459748e-01
2.490319822065103494e-01
3.567165417580753228e-01
1.831890773715798559e-01
2.098337103752658805e-01
2.184202859338260083e-01
2.490418177252866627e-01
3.235261428721170063e-01
3.204600134186783578e-01
2.603690831607732292e-01
3.798937694744459748e-01
3.113096889340365436e-01
2.661751823882205770e-01
3.334580483256903705e-01
1.560281572139921025e-01
3.290294161681472929e-01
2.886225210589952184e-01
2.620851943979545240e-01
3.447207189136651806e-01
3.565454894529818120e-01
2.009553951366989111e-01
3.192102199852211442e-01
3.482822330106642994e-01
2.772440752774993911e-01
3.103353354727875768e-01
2.009553951366989111e-01
2.527679163306260079e-01
2.702555495020178000e-01
2.603690831607732292e-01
3.588211897017501428e-01
3.075542892527174388e-01
2.490319822065103494e-01
1.560281572139921025e-01
3.021949241425563315e-01
2.635283571059954255e-01
3.209041197043873694e-01
2.723512893844457494e-01
2.009553951366989111e-01
2.512742265998468838e-01
2.748635649576414153e-01
1.631859063402156806e-01
3.192102199852211442e-01
9.553680755258930901e-02
3.058985112487064839e-01
3.664274082442027236e-01
2.562911625358523793e-01
3.177123707325026913e-01
3.394546992917124584e-01
3.114285277383590511e-01
3.588211897017501428e-01
3.601785061025033485e-01
2.420263336800889675e-01
2.412434724138527997e-01
1.961133136470074589e-01
2.472512385098895038e-01
1.981829592744617230e-01
2.490418177252866627e-01
2.799310208482612694e-01
2.009553951366989111e-01
2.009553951366989111e-01
3.021949241425563315e-01
2.402770466668453508e-01
2.618880824228426718e-01
8.594186714610607680e-02
2.562911625358523793e-01
2.939735233907541101e-01
2.650131872984538006e-01
3.114285277383590511e-01
2.521258721284915794e-01
2.009553951366989111e-01
3.202494870480343536e-01
3.052204629791699375e-01
2.662546623407227031e-01
2.540795318812456571e-01
1.162129804029028435e-01
2.689846681185894539e-01
3.637421079221461184e-01
1.641379072216579971e-01
2.420263336800889675e-01
8.594186714610607680e-02
2.991468463818431900e-01
2.181512999460313296e-01
3.579220612713260863e-01
3.376860553358689288e-01
2.490319822065103494e-01
2.528131653100587073e-01
2.202595662412587529e-01
1.699067093566970499e-01
3.213826187584292171e-01
2.412150663901968528e-01
2.603690831607732292e-01
3.087196875450821665e-01
2.665795447130694384e-01
2.604924584610479599e-01
2.778625123920246409e-01
2.727359035904726170e-01
2.613387122105894633e-01
2.009553951366989111e-01
3.114285277383590511e-01
3.178033222703486871e-01
2.009553951366989111e-01
2.703778218192383065e-01
2.562911625358523793e-01
2.618880824228426718e-01
2.495679018409759919e-01
3.407096422736586305e-01
3.084899155108118407e-01
2.279646352051418745e-01
2.562911625358523793e-01
4.018985116504634192e-01
3.126750625973482300e-01
3.733057538254751506e-01
2.682339290306643420e-01
1.268753461451908038e-01
1.892119523511777146e-01
2.618964476975609301e-01
1.603333062237926043e-01
3.365859796382384417e-01
2.009553951366989111e-01
2.512742265998468838e-01
2.562911625358523793e-01
2.922090855754735372e-01
3.114285277383590511e-01
3.201495909561220543e-01
3.267787546530982468e-01
1.948770474420129517e-01
2.886584104388365546e-01
1.756056953782181296e-01
3.334580483256903705e-01
2.584730107975961033e-01
2.557666331245442848e-01
2.708654673418244840e-01
2.562911625358523793e-01
1.588287674759989443e-01
2.490418177252866627e-01
3.500142527534322312e-01
3.374329864495777542e-01
2.573081837945370154e-01
1.673054056944849322e-01
2.114481864631336805e-01
3.195231058243255262e-01
3.361338250130643246e-01
1.649545837224337674e-01
2.009553951366989111e-01
2.326652256786285733e-01
3.184921889554104268e-01
2.490319822065103494e-01
2.490418177252866627e-01
3.114285277383590511e-01
3.314877786290040262e-01
2.009553951366989111e-01
3.275332248616713571e-01
2.011213062800649709e-01
2.911525894747413190e-01
1.806139590600341904e-01
3.203780895499388492e-01
3.358398118951928524e-01
2.688014551499335880e-01
3.749406412235654074e-01
2.642395689897902855e-01
2.351217390077628977e-01
3.229717745507016957e-01
3.409022420735912107e-01
2.819014390521221713e-01
3.003265532010299665e-01
2.621411243838096539e-01
2.412262192658278792e-01
7.672210331753959167e-02
3.131908976537101097e-01
2.407555354241281975e-01
2.495337150155432226e-01
2.695791275503296447e-01
2.202245743010315948e-01
3.481639215696912260e-01
2.563243686115157516e-01
2.784843557347116416e-01
2.994233471615483921e-01
3.706142985874532059e-01
3.080039538695906742e-01
2.552717119209262364e-01
2.412434724138527997e-01
3.361338250130643246e-01
3.185073002771350303e-01
1.588287674759989443e-01
2.485881339726763173e-01
2.608006262319619850e-01
2.731338787105617172e-01
2.562911625358523793e-01
3.170498718974776864e-01
2.407555354241281975e-01
2.796289722418592305e-01
2.009553951366989111e-01
3.618678162987105651e-01
2.514460205673927362e-01
3.407096422736586305e-01
3.843333887692104156e-01
1.162129804029028435e-01
2.683190751767927651e-01
3.358398118951928524e-01
3.081235311193744053e-01
3.733057538254751506e-01
2.563243686115157516e-01
2.499246806217136907e-01
2.960919316122350153e-01
2.330178663375033210e-01
2.617543817670284767e-01
2.635835489408595578e-01
2.229819951788876153e-01
2.635730809368208583e-01
2.748635649576414153e-01
3.131908976537101097e-01
9.553680755258930901e-02
2.730446450478059006e-01
1.897036837875614168e-01
3.247420977148607335e-02
3.723441145142700748e-01
2.490319822065103494e-01
2.562911625358523793e-01
2.464336499710135797e-01
2.009553951366989111e-01
2.649108357626381860e-01
2.341198704012530385e-01
9.553680755258930901e-02
2.455031865994907747e-01
3.409022420735912107e-01
2.584730107975961033e-01
3.158891450121021904e-01
2.530766967557660507e-01
3.194004867686395244e-01
2.580411558847099940e-01
2.689184123038010910e-01
3.247420977148607335e-02
2.581430677813063568e-01
2.440001758870362636e-01
3.114285277383590511e-01
3.512842481299820463e-01
2.443585592831780673e-01
1.750320295782721303e-01
3.126750625973482300e-01
3.171845883614672346e-01
1.771821512701041712e-01
1.981829592744617230e-01
2.635835489408595578e-01
2.751886022415810373e-01
3.511563616984574310e-01
3.226291536174148433e-01
2.485074527952022549e-01
1.894631653136897853e-01
2.386167341546983067e-01
3.280450400919807663e-01
2.046619230012307611e-01
2.808435610085098233e-01
1.571703129448209779e-01
2.562911625358523793e-01
2.562911625358523793e-01
4.218705577125323458e-01
8.594186714610607680e-02
2.742068759330784644e-01
3.817371913430349650e-01
3.393199828277229102e-01
2.960919316122350153e-01
2.530666072005285372e-01
3.361338250130643246e-01
2.571734218032286634e-01
2.295906713384248121e-01
1.673541072071085267e-01
2.324435158996411843e-01
2.490699376796801090e-01
3.507407270889189022e-01
2.790397849485621862e-01
2.650131872984538006e-01
1.661265296550133996e-01
2.960919316122350153e-01
2.563243686115157516e-01
1.673054056944849322e-01
3.525213251853838159e-01
3.481639215696912260e-01
2.841222894929789078e-01
2.518572670873524544e-01
3.079967426338772185e-01
1.162129804029028435e-01
2.009553951366989111e-01
2.925346275110314309e-01
2.041727445497247828e-01
3.195231058243255262e-01
2.689184123038010910e-01
2.796053952655288555e-01
3.994580573517954036e-01
3.366184131943334990e-01
3.300303975453626748e-01
3.096401110213342633e-01
2.345288389493713765e-01
2.162834227661587505e-01
2.617369359748913382e-01
2.412434724138527997e-01
3.438115659618503628e-01
3.333831993434319685e-01
2.490319822065103494e-01
3.325533379958844904e-01
2.009553951366989111e-01
1.935005709600616797e-01
2.282081351115330392e-01
1.756056953782181296e-01
2.396410233723447192e-01
3.108594231616681469e-01
3.466993760271588343e-01
2.009553951366989111e-01
3.040948625833266306e-01
3.678636729178190734e-01
2.595953210132400102e-01
3.195231058243255262e-01
2.562911625358523793e-01
2.405366377910507225e-01
3.361338250130643246e-01
2.394156153703335121e-01
2.748635649576414153e-01
2.287425217827347979e-01
2.703778218192383065e-01
1.997099516431006805e-01
2.086874324117644619e-01
3.167468261696164689e-01
3.817371913430349650e-01
1.897036837875614168e-01
2.635730809368208583e-01
3.438115659618503628e-01
3.827841635908875162e-01
2.584730107975961033e-01
2.867785248526981690e-01
2.371271711848681463e-01
3.481639215696912260e-01
2.581430677813063568e-01
2.058549536783171874e-01
3.719423486888295827e-01
2.994233471615483921e-01
2.453684246081824227e-01
3.798937694744459748e-01
3.267787546530982468e-01
2.704193039961229061e-01
3.571740826194194085e-01
2.412150663901968528e-01
3.334580483256903705e-01
3.290965789007689324e-01
2.562911625358523793e-01
2.562911625358523793e-01
2.530666072005285372e-01
3.122267277943642227e-01
1.673054056944849322e-01
1.806139590600341904e-01
1.649545837224337674e-01
2.539777860946923482e-01
3.171845883614672346e-01
3.079910557906853086e-01
2.584730107975961033e-01
3.407096422736586305e-01
2.412434724138527997e-01
2.417880192787134064e-01
2.016422300218483343e-01
2.744509698903687678e-01
3.167468261696164689e-01
3.009483892835671526e-01
3.638166876031991848e-01
2.679886820116568202e-01
2.487997294221049316e-01
3.380904734102401221e-01
3.407096422736586305e-01
3.395550189527725138e-01
2.009553951366989111e-01
3.150692733159310421e-01
3.290294161681472929e-01
2.688718359078610121e-01
1.756056953782181296e-01
2.105257262119817341e-01
1.802235214943799235e-01
2.368323701862173891e-01
3.624964094651463853e-01
1.985835753065465781e-01
2.418079664485883740e-01
2.472512385098895038e-01
3.079910557906853086e-01
3.241272997089215124e-01
1.844302094454448593e-01
2.342403384569227143e-01
3.571740826194194085e-01
3.415345610990048186e-01
2.460316017363410879e-01
2.116319643776982673e-01
2.464336499710135797e-01
2.402770466668453508e-01
3.079967426338772185e-01
2.999007163312299440e-01
2.960919316122350153e-01
3.195231058243255262e-01
2.474879521733424070e-01
3.083863023699624506e-01
4.010749208459873927e-01
3.277797360303118523e-01
1.475515189955043382e-01
3.347347517134977579e-01
1.897036837875614168e-01
3.189846694468148058e-01
1.712423361046671033e-01
2.978117151662118545e-01
2.202595662412587529e-01
2.503447471211863729e-01
2.703988991042152179e-01
2.460316017363410879e-01
3.129115042192811558e-01
2.412434724138527997e-01
3.080848630402908128e-01
1.584985031578618475e-01
1.631391525761785033e-01
2.635835489408595578e-01
2.796289722418592305e-01
1.667772973539864978e-01
2.617285703298506405e-01
2.275439573580229080e-01
3.662252199144049314e-01
2.331460033192662706e-01
2.474879521733424070e-01
2.460316017363410879e-01
2.460316017363410879e-01
2.690135620963722829e-01
3.316064462934154022e-01
3.113096889340365436e-01
2.727729076851872492e-01
1.664605931989324716e-01
3.733057538254751506e-01
2.825670319939170838e-01
1.790212701674640527e-01
2.488176065189176001e-01
2.656820527137160326e-01
2.765491601292886514e-01
2.613582467540283005e-01
2.243782628756765263e-01
3.407096422736586305e-01
3.380904734102401221e-01
3.586444587987287491e-01
1.579824842517414396e-01
3.482427455602490340e-01
1.712423361046671033e-01
3.879692136752819209e-01
3.079967426338772185e-01
3.138096730300876658e-01
2.498810353982232613e-01
2.503447471211863729e-01
2.616477760067663638e-01
2.009553951366989111e-01
2.387969595944099410e-01
2.932360598851353473e-01
4.876782098591192494e-02
9.553680755258930901e-02
2.635730809368208583e-01
3.202360297121398247e-01
2.296850941881345420e-01
3.292063824525701676e-01
2.603755013071804569e-01
2.796289722418592305e-01
2.256972433707939985e-01
2.341346034758604588e-01
2.799133713948940283e-01
2.642395689897902855e-01
2.153250157594133185e-01
