6.280980644118476786e-01
9.801417191998433864e-01
6.779333861156429109e-01
9.906245106124382804e-01
7.038056254059041894e-01
9.801417191998433864e-01
8.516739803080026761e-01
6.513372869805209575e-01
9.801417191998433864e-01
9.050956987683305144e-01
5.434119125786485149e-01
9.105491530271687672e-01
7.821723235989783696e-01
9.984068840834394720e-01
6.879304369021197463e-01
6.615887188717954892e-01
6.209344068251982929e-01
9.001895762180172067e-01
9.984068840834394720e-01
6.995220217117399386e-01
6.280980644118476786e-01
9.906245106124382804e-01
9.885598734647482733e-01
9.680210522813776919e-01
6.769601629732966419e-01
7.011050779389997878e-01
7.011050779389997878e-01
9.960470591895029813e-01
9.866891632551861857e-01
8.671402259646563415e-01
7.008586333653343825e-01
9.885598734647482733e-01
1.000000000000000000e+00
9.251441103555475554e-01
6.165707424101252165e-01
7.106366044175178587e-01
6.962196873949724196e-01
7.044431443752614541e-01
9.960470591895029813e-01
1.000000000000000000e+00
6.344005030168025083e-01
6.266425512882116688e-01
8.575437339443883200e-01
4.708656253300713690e-01
7.008586333653343825e-01
8.691241120280008836e-01
7.008586333653343825e-01
1.000000000000000000e+00
6.995220217117399386e-01
9.985819208312138873e-01
9.864063515267926796e-01
9.844252536554984889e-01
6.209344068251982929e-01
9.227225576190969392e-01
8.516739803080026761e-01
7.040815542224370116e-01
7.094118007822745042e-01
9.960470591895029813e-01
9.801417191998433864e-01
6.959127431017948506e-01
9.801417191998433864e-01
1.000000000000000000e+00
8.703352342692733945e-01
6.977672386051088083e-01
7.038056254059041894e-01
7.371917420334974658e-01
6.603417264945206089e-01
6.995220217117399386e-01
6.928608203856401193e-01
5.865185454280053001e-01
6.651624176290686918e-01
7.008586333653343825e-01
7.108084983051892181e-01
9.801417191998433864e-01
9.801417191998433864e-01
6.962196873949724196e-01
4.708656253300713690e-01
9.984068840834394720e-01
6.209344068251982929e-01
6.879304369021197463e-01
6.616245454506750612e-01
4.708656253300713690e-01
8.516739803080026761e-01
6.209344068251982929e-01
6.335515809932055209e-01
6.179111843425106887e-01
6.237695296287828484e-01
9.050956987683305144e-01
6.569165712382776245e-01
7.040815542224370116e-01
6.301430118576676342e-01
6.569165712382776245e-01
7.040815542224370116e-01
6.162314482897746082e-01
9.984068840834394720e-01
5.434119125786485149e-01
6.464589270528999787e-01
6.665978856961962684e-01
6.513372869805209575e-01
6.414278349544371149e-01
5.696076192343459965e-01
9.960470591895029813e-01
6.962196873949724196e-01
9.192899058750614305e-01
9.885598734647482733e-01
7.197706101850054328e-01
7.106366044175178587e-01
9.866891632551861857e-01
7.011050779389997878e-01
7.094118007822745042e-01
6.209344068251982929e-01
7.106366044175178587e-01
1.000000000000000000e+00
6.615887188717954892e-01
6.995220217117399386e-01
6.220995092787522385e-01
6.480403722681411516e-01
6.577455037221231482e-01
9.801417191998433864e-01
1.000000000000000000e+00
6.438337905913411596e-01
6.013739398980506579e-01
9.960470591895029813e-01
1.000000000000000000e+00
6.929132370939850016e-01
4.708656253300713690e-01
6.209344068251982929e-01
8.729747502848117513e-01
6.814526099022024663e-01
1.000000000000000000e+00
6.614005280376555884e-01
6.162314482897746082e-01
6.052576025696085882e-01
9.801417191998433864e-01
9.702569397501628057e-01
6.615887188717954892e-01
8.703352342692733945e-01
6.720360665117370846e-01
6.779333861156429109e-01
6.814526099022024663e-01
6.244167626860164244e-01
1.000000000000000000e+00
9.916983029356547519e-01
6.929132370939850016e-01
6.301430118576676342e-01
6.357294110705640211e-01
4.635739448505860061e-01
5.879996193269925175e-01
8.691241120280008836e-01
6.220995092787522385e-01
9.801417191998433864e-01
6.897833060575786490e-01
9.984068840834394720e-01
9.984068840834394720e-01
9.844252536554984889e-01
6.408561867137947399e-01
6.770453018750399732e-01
9.801417191998433864e-01
7.022156261699219471e-01
6.052576025696085882e-01
7.821723235989783696e-01
6.929132370939850016e-01
9.844252536554984889e-01
6.879304369021197463e-01
9.879338198012330707e-01
7.040815542224370116e-01
7.160140031213315659e-01
9.547977323432792485e-01
9.379226258059980559e-01
9.251441103555475554e-01
8.703733936658886172e-01
6.464589270528999787e-01
9.984068840834394720e-01
1.000000000000000000e+00
6.779333861156429109e-01
9.686093141700151676e-01
8.575437339443883200e-01
5.865185454280053001e-01
9.687843654006091931e-01
6.615887188717954892e-01
6.536886458232813446e-01
6.802822118364715287e-01
7.034008489309493406e-01
6.165707424101252165e-01
9.960470591895029813e-01
5.936803476147123337e-01
8.689008193163352267e-01
7.099035752275497657e-01
9.862444731872379577e-01
9.543314292445148617e-01
9.192899058750614305e-01
6.977672386051088083e-01
9.844252536554984889e-01
6.266425512882116688e-01
6.897833060575786490e-01
6.280980644118476786e-01
6.052576025696085882e-01
8.703352342692733945e-01
9.862444731872379577e-01
9.844252536554984889e-01
7.034008489309493406e-01
6.162314482897746082e-01
8.852825243651289977e-01
4.708656253300713690e-01
9.960470591895029813e-01
6.280980644118476786e-01
8.516739803080026761e-01
6.417560522736036610e-01
9.844252536554984889e-01
5.879996193269925175e-01
8.516739803080026761e-01
9.844252536554984889e-01
4.708656253300713690e-01
6.275067392456217252e-01
6.890973627165957183e-01
9.801417191998433864e-01
6.209344068251982929e-01
9.801417191998433864e-01
6.162314482897746082e-01
6.977672386051088083e-01
6.962196873949724196e-01
9.876723000975538014e-01
9.192899058750614305e-01
7.040815542224370116e-01
6.959127431017948506e-01
6.480403722681411516e-01
6.408561867137947399e-01
6.569165712382776245e-01
7.094118007822745042e-01
9.984068840834394720e-01
8.671402259646563415e-01
6.651624176290686918e-01
6.586205434285514748e-01
6.802822118364715287e-01
6.520271259144778675e-01
1.000000000000000000e+00
6.675521097123586767e-01
8.703352342692733945e-01
9.966804525498844658e-01
6.770453018750399732e-01
6.616245454506750612e-01
8.931161270977454603e-01
6.550163864513720569e-01
9.862444731872379577e-01
4.708656253300713690e-01
7.040815542224370116e-01
8.753812005911880689e-01
9.885598734647482733e-01
6.814526099022024663e-01
8.898210483141024696e-01
8.779186905788585182e-01
6.013739398980506579e-01
9.844252536554984889e-01
5.865185454280053001e-01
6.532072358247955624e-01
6.959127431017948506e-01
6.919225481496908969e-01
7.022156261699219471e-01
8.898210483141024696e-01
6.438337905913411596e-01
9.966804525498844658e-01
7.853925307284037594e-01
6.357294110705640211e-01
9.388115255862112818e-01
6.569165712382776245e-01
9.916983029356547519e-01
6.615887188717954892e-01
6.357294110705640211e-01
5.434119125786485149e-01
6.995220217117399386e-01
6.989981159913964959e-01
9.680210522813776919e-01
9.960470591895029813e-01
9.801417191998433864e-01
6.770453018750399732e-01
6.802822118364715287e-01
6.573377244723970225e-01
6.553779197719957761e-01
6.357294110705640211e-01
9.960470591895029813e-01
6.720360665117370846e-01
6.802822118364715287e-01
8.689008193163352267e-01
6.521410098105642206e-01
7.108084983051892181e-01
7.011050779389997878e-01
6.802822118364715287e-01
6.665978856961962684e-01
9.879338198012330707e-01
9.844252536554984889e-01
1.000000000000000000e+00
8.691241120280008836e-01
9.940709195157040323e-01
6.209344068251982929e-01
1.000000000000000000e+00
6.603417264945206089e-01
9.984068840834394720e-01
7.011050779389997878e-01
9.680210522813776919e-01
1.000000000000000000e+00
6.231190558756776188e-01
9.840423900345267594e-01
6.417560522736036610e-01
8.890999730228430487e-01
8.516739803080026761e-01
1.000000000000000000e+00
6.237695296287828484e-01
9.960470591895029813e-01
1.000000000000000000e+00
6.614005280376555884e-01
6.357294110705640211e-01
6.779333861156429109e-01
9.823250437065143004e-01
9.192899058750614305e-01
6.052576025696085882e-01
6.532072358247955624e-01
9.801417191998433864e-01
7.011050779389997878e-01
9.885598734647482733e-01
6.301430118576676342e-01
9.896994203957116820e-01
6.684525847078655048e-01
7.160140031213315659e-01
6.770453018750399732e-01
5.865185454280053001e-01
6.890973627165957183e-01
8.729747502848117513e-01
9.960470591895029813e-01
8.684888870847828901e-01
9.955038929154464977e-01
6.577455037221231482e-01
8.703352342692733945e-01
9.801417191998433864e-01
6.614005280376555884e-01
7.106366044175178587e-01
6.211480943039426883e-01
6.929132370939850016e-01
6.603417264945206089e-01
6.814526099022024663e-01
8.671402259646563415e-01
9.844252536554984889e-01
6.779333861156429109e-01
6.770453018750399732e-01
9.227225576190969392e-01
6.614005280376555884e-01
6.779333861156429109e-01
6.052576025696085882e-01
9.844252536554984889e-01
6.209344068251982929e-01
7.287527173389467539e-01
9.227225576190969392e-01
1.000000000000000000e+00
6.959127431017948506e-01
6.720360665117370846e-01
7.106366044175178587e-01
6.165707424101252165e-01
9.192899058750614305e-01
6.665978856961962684e-01
9.687843654006091931e-01
9.687843654006091931e-01
7.821723235989783696e-01
6.573377244723970225e-01
5.879996193269925175e-01
6.464589270528999787e-01
4.708656253300713690e-01
9.984068840834394720e-01
6.770453018750399732e-01
6.324925011091322435e-01
6.408561867137947399e-01
7.160140031213315659e-01
6.928608203856401193e-01
6.344005030168025083e-01
7.207930763173771016e-01
6.052576025696085882e-01
9.885598734647482733e-01
5.434119125786485149e-01
6.814526099022024663e-01
7.145288601728863043e-01
7.197706101850054328e-01
7.094118007822745042e-01
9.960470591895029813e-01
6.211480943039426883e-01
5.865185454280053001e-01
9.543314292445148617e-01
6.569165712382776245e-01
7.106366044175178587e-01
6.301430118576676342e-01
9.543314292445148617e-01
6.209344068251982929e-01
6.408561867137947399e-01
8.627907071437168618e-01
4.708656253300713690e-01
6.052576025696085882e-01
9.862444731872379577e-01
7.022156261699219471e-01
6.480403722681411516e-01
6.052576025696085882e-01
9.866891632551861857e-01
8.703352342692733945e-01
9.647586759132042999e-01
6.344005030168025083e-01
1.000000000000000000e+00
9.251441103555475554e-01
7.040815542224370116e-01
7.145288601728863043e-01
5.865185454280053001e-01
8.671402259646563415e-01
8.671402259646563415e-01
6.464589270528999787e-01
6.093550281983528549e-01
6.220995092787522385e-01
9.192899058750614305e-01
6.427599726193371499e-01
9.844252536554984889e-01
9.801417191998433864e-01
7.287527173389467539e-01
7.094118007822745042e-01
6.928608203856401193e-01
6.414278349544371149e-01
6.814526099022024663e-01
8.729747502848117513e-01
7.108084983051892181e-01
6.720360665117370846e-01
6.814526099022024663e-01
6.165707424101252165e-01
7.821723235989783696e-01
7.011050779389997878e-01
8.729747502848117513e-01
9.885598734647482733e-01
9.801417191998433864e-01
6.897833060575786490e-01
6.301430118576676342e-01
1.000000000000000000e+00
9.702569397501628057e-01
9.896994203957116820e-01
6.603417264945206089e-01
7.011050779389997878e-01
5.879996193269925175e-01
9.227225576190969392e-01
9.879338198012330707e-01
8.703352342692733945e-01
9.094010543408757030e-01
8.516739803080026761e-01
6.280980644118476786e-01
7.040815542224370116e-01
6.962196873949724196e-01
6.722432982346102648e-01
6.275067392456217252e-01
9.840423900345267594e-01
7.094118007822745042e-01
5.747452182663941311e-01
4.708656253300713690e-01
6.138318904111863539e-01
9.094010543408757030e-01
9.940709195157040323e-01
6.770453018750399732e-01
9.844252536554984889e-01
6.890973627165957183e-01
9.801417191998433864e-01
7.821723235989783696e-01
6.162314482897746082e-01
6.802822118364715287e-01
6.962196873949724196e-01
6.814526099022024663e-01
4.708656253300713690e-01
5.747452182663941311e-01
6.977672386051088083e-01
7.108084983051892181e-01
4.708656253300713690e-01
9.984068840834394720e-01
6.165707424101252165e-01
6.665978856961962684e-01
9.680210522813776919e-01
9.906245106124382804e-01
1.000000000000000000e+00
6.569165712382776245e-01
8.691241120280008836e-01
9.687843654006091931e-01
6.275067392456217252e-01
8.703352342692733945e-01
6.802822118364715287e-01
8.689008193163352267e-01
6.220995092787522385e-01
6.138318904111863539e-01
6.959127431017948506e-01
9.906245106124382804e-01
9.879338198012330707e-01
6.280980644118476786e-01
9.990550785962217795e-01
6.209344068251982929e-01
7.040815542224370116e-01
6.165707424101252165e-01
9.866891632551861857e-01
8.747286175369164418e-01
6.802822118364715287e-01
6.754802081960420423e-01
9.844252536554984889e-01
5.848063410274952911e-01
9.879338198012330707e-01
1.000000000000000000e+00
6.953012755735539230e-01
9.680210522813776919e-01
7.106366044175178587e-01
6.408561867137947399e-01
6.675521097123586767e-01
6.266425512882116688e-01
6.013739398980506579e-01
6.802822118364715287e-01
9.084607413433150036e-01
8.684888870847828901e-01
6.357294110705640211e-01
9.680210522813776919e-01
9.823250437065143004e-01
5.434119125786485149e-01
6.665978856961962684e-01
6.953012755735539230e-01
9.251441103555475554e-01
5.747452182663941311e-01
8.627907071437168618e-01
9.844252536554984889e-01
6.962196873949724196e-01
6.890973627165957183e-01
9.687843654006091931e-01
6.665978856961962684e-01
7.863799139956979545e-01
8.753812005911880689e-01
9.801417191998433864e-01
6.513372869805209575e-01
6.802822118364715287e-01
6.301430118576676342e-01
9.833584514093411943e-01
9.094010543408757030e-01
9.050956987683305144e-01
7.040815542224370116e-01
6.209344068251982929e-01
7.821723235989783696e-01
8.729747502848117513e-01
9.801417191998433864e-01
6.929132370939850016e-01
9.940709195157040323e-01
6.569165712382776245e-01
7.022156261699219471e-01
6.209344068251982929e-01
8.703733936658886172e-01
9.866891632551861857e-01
6.665978856961962684e-01
9.801417191998433864e-01
5.879996193269925175e-01
9.833584514093411943e-01
6.569165712382776245e-01
9.251441103555475554e-01
7.011050779389997878e-01
6.381909249930051153e-01
6.569165712382776245e-01
8.852083939842019245e-01
6.266425512882116688e-01
9.960470591895029813e-01
4.708656253300713690e-01
7.132216949577800946e-01
9.956979259216778289e-01
9.844252536554984889e-01
9.960470591895029813e-01
6.995220217117399386e-01
6.344005030168025083e-01
9.916983029356547519e-01
6.603417264945206089e-01
6.977672386051088083e-01
5.434119125786485149e-01
6.275067392456217252e-01
6.532072358247955624e-01
9.940709195157040323e-01
7.008586333653343825e-01
8.919669896152686572e-01
7.108084983051892181e-01
6.244167626860164244e-01
9.801417191998433864e-01
8.919669896152686572e-01
9.801417191998433864e-01
9.840423900345267594e-01
7.106366044175178587e-01
6.209344068251982929e-01
9.227225576190969392e-01
6.532072358247955624e-01
4.708656253300713690e-01
6.720360665117370846e-01
1.000000000000000000e+00
6.665700476179303724e-01
6.220995092787522385e-01
9.940709195157040323e-01
6.802822118364715287e-01
6.995220217117399386e-01
6.577455037221231482e-01
9.844252536554984889e-01
6.665700476179303724e-01
6.754802081960420423e-01
6.301430118576676342e-01
6.573377244723970225e-01
6.093550281983528549e-01
5.865185454280053001e-01
8.435156544708237725e-01
9.985819208312138873e-01
7.132216949577800946e-01
9.984068840834394720e-01
8.852083939842019245e-01
7.821723235989783696e-01
6.720360665117370846e-01
5.434119125786485149e-01
6.209344068251982929e-01
6.770453018750399732e-01
9.940709195157040323e-01
6.093550281983528549e-01
8.684888870847828901e-01
6.209344068251982929e-01
6.162314482897746082e-01
7.008586333653343825e-01
6.344005030168025083e-01
6.577455037221231482e-01
5.434119125786485149e-01
1.000000000000000000e+00
8.684888870847828901e-01
6.779333861156429109e-01
9.906245106124382804e-01
5.696076192343459965e-01
8.627907071437168618e-01
6.959127431017948506e-01
9.940709195157040323e-01
6.928608203856401193e-01
6.093550281983528549e-01
6.266425512882116688e-01
6.408561867137947399e-01
6.220995092787522385e-01
9.984068840834394720e-01
1.000000000000000000e+00
9.844252536554984889e-01
9.922108240465272733e-01
6.209344068251982929e-01
6.573377244723970225e-01
6.324925011091322435e-01
6.569165712382776245e-01
7.038056254059041894e-01
9.612094527291945578e-01
5.747452182663941311e-01
1.000000000000000000e+00
9.094010543408757030e-01
8.691241120280008836e-01
6.989981159913964959e-01
8.671402259646563415e-01
8.579573726082649898e-01
6.464589270528999787e-01
9.687843654006091931e-01
5.696076192343459965e-01
6.897833060575786490e-01
7.145288601728863043e-01
6.616245454506750612e-01
9.885598734647482733e-01
6.275067392456217252e-01
9.940709195157040323e-01
6.209344068251982929e-01
9.960470591895029813e-01
7.106366044175178587e-01
6.879304369021197463e-01
6.513372869805209575e-01
6.464589270528999787e-01
7.197706101850054328e-01
7.008586333653343825e-01
1.000000000000000000e+00
6.513372869805209575e-01
9.984068840834394720e-01
7.821723235989783696e-01
8.516739803080026761e-01
6.995220217117399386e-01
1.000000000000000000e+00
9.386473915550017644e-01
6.995220217117399386e-01
6.995220217117399386e-01
6.165707424101252165e-01
6.220995092787522385e-01
9.940709195157040323e-01
9.844252536554984889e-01
4.708656253300713690e-01
9.866891632551861857e-01
9.379226258059980559e-01
6.879304369021197463e-01
4.708656253300713690e-01
9.940709195157040323e-01
6.879304369021197463e-01
7.106366044175178587e-01
4.708656253300713690e-01
6.569165712382776245e-01
9.960470591895029813e-01
6.093550281983528549e-01
9.984068840834394720e-01
6.013739398980506579e-01
8.516739803080026761e-01
8.729747502848117513e-01
7.821723235989783696e-01
1.000000000000000000e+00
1.000000000000000000e+00
6.464589270528999787e-01
6.919225481496908969e-01
9.879338198012330707e-01
9.985819208312138873e-01
6.814526099022024663e-01
9.050956987683305144e-01
6.995220217117399386e-01
9.960470591895029813e-01
7.038056254059041894e-01
6.720360665117370846e-01
5.434119125786485149e-01
6.301430118576676342e-01
6.244167626860164244e-01
6.665978856961962684e-01
9.844252536554984889e-01
9.844252536554984889e-01
5.747452182663941311e-01
5.747452182663941311e-01
8.703733936658886172e-01
9.251441103555475554e-01
1.000000000000000000e+00
7.008586333653343825e-01
7.011050779389997878e-01
4.708656253300713690e-01
6.093550281983528549e-01
8.627907071437168618e-01
9.985819208312138873e-01
6.577455037221231482e-01
7.108084983051892181e-01
6.231190558756776188e-01
6.577455037221231482e-01
6.532072358247955624e-01
8.703733936658886172e-01
9.985819208312138873e-01
9.801417191998433864e-01
9.940709195157040323e-01
8.627907071437168618e-01
7.821723235989783696e-01
6.209344068251982929e-01
6.427599726193371499e-01
9.984068840834394720e-01
6.381909249930051153e-01
7.022156261699219471e-01
8.516739803080026761e-01
6.220995092787522385e-01
8.852083939842019245e-01
9.680210522813776919e-01
9.885598734647482733e-01
1.000000000000000000e+00
8.516739803080026761e-01
7.160140031213315659e-01
6.417560522736036610e-01
7.011050779389997878e-01
1.000000000000000000e+00
6.645652116691898037e-01
7.008586333653343825e-01
9.844252536554984889e-01
5.434119125786485149e-01
6.138318904111863539e-01
8.516739803080026761e-01
9.896994203957116820e-01
9.050956987683305144e-01
6.879304369021197463e-01
6.013739398980506579e-01
4.708656253300713690e-01
9.801417191998433864e-01
9.940709195157040323e-01
6.779333861156429109e-01
5.936803476147123337e-01
6.779333861156429109e-01
9.966804525498844658e-01
6.770453018750399732e-01
6.879304369021197463e-01
6.962196873949724196e-01
8.898210483141024696e-01
9.879338198012330707e-01
6.165707424101252165e-01
6.802822118364715287e-01
6.209344068251982929e-01
6.779333861156429109e-01
7.160140031213315659e-01
1.000000000000000000e+00
4.635739448505860061e-01
6.802822118364715287e-01
6.665978856961962684e-01
6.754802081960420423e-01
6.720360665117370846e-01
6.417560522736036610e-01
9.885598734647482733e-01
9.960470591895029813e-01
6.138318904111863539e-01
1.000000000000000000e+00
9.840423900345267594e-01
6.235715371631489479e-01
7.160140031213315659e-01
8.703352342692733945e-01
6.779333861156429109e-01
6.414278349544371149e-01
6.262027676720143265e-01
5.747452182663941311e-01
9.940709195157040323e-01
6.802822118364715287e-01
7.132216949577800946e-01
9.960470591895029813e-01
5.936803476147123337e-01
9.546295582129420421e-01
6.052576025696085882e-01
6.603417264945206089e-01
7.371917420334974658e-01
6.553779197719957761e-01
7.106366044175178587e-01
8.703352342692733945e-01
6.665978856961962684e-01
6.603417264945206089e-01
9.984068840834394720e-01
1.000000000000000000e+00
6.928608203856401193e-01
7.145288601728863043e-01
9.984068840834394720e-01
1.000000000000000000e+00
8.627907071437168618e-01
9.940709195157040323e-01
6.536886458232813446e-01
8.729747502848117513e-01
6.779333861156429109e-01
6.013739398980506579e-01
6.209344068251982929e-01
9.984068840834394720e-01
6.814526099022024663e-01
7.008586333653343825e-01
5.931171556955228130e-01
6.616245454506750612e-01
9.992318670247855028e-01
6.266425512882116688e-01
9.984068840834394720e-01
1.000000000000000000e+00
6.814526099022024663e-01
6.570297296351303995e-01
9.388115255862112818e-01
9.801417191998433864e-01
6.919225481496908969e-01
6.570297296351303995e-01
7.821723235989783696e-01
8.898210483141024696e-01
6.052576025696085882e-01
8.703352342692733945e-01
6.138318904111863539e-01
9.876723000975538014e-01
9.940709195157040323e-01
6.615887188717954892e-01
9.680210522813776919e-01
9.885598734647482733e-01
9.940709195157040323e-01
9.251441103555475554e-01
9.960470591895029813e-01
6.408561867137947399e-01
7.821723235989783696e-01
6.480403722681411516e-01
9.864063515267926796e-01
9.844252536554984889e-01
7.108084983051892181e-01
6.573377244723970225e-01
8.627907071437168618e-01
8.703352342692733945e-01
8.898210483141024696e-01
9.543314292445148617e-01
5.434119125786485149e-01
8.516739803080026761e-01
6.209344068251982929e-01
8.575437339443883200e-01
6.275067392456217252e-01
9.864063515267926796e-01
9.801417191998433864e-01
1.000000000000000000e+00
6.209344068251982929e-01
9.844252536554984889e-01
1.000000000000000000e+00
7.371917420334974658e-01
9.192899058750614305e-01
7.011050779389997878e-01
6.890973627165957183e-01
6.615887188717954892e-01
6.165707424101252165e-01
6.532072358247955624e-01
8.703352342692733945e-01
7.106366044175178587e-01
5.879996193269925175e-01
9.966804525498844658e-01
6.569165712382776245e-01
1.000000000000000000e+00
6.280980644118476786e-01
9.212737830249080329e-01
6.209344068251982929e-01
6.209344068251982929e-01
6.580959556493619633e-01
9.192899058750614305e-01
8.729747502848117513e-01
6.814526099022024663e-01
6.928608203856401193e-01
9.984068840834394720e-01
8.703352342692733945e-01
9.801417191998433864e-01
9.922108240465272733e-01
6.480403722681411516e-01
1.000000000000000000e+00
6.569165712382776245e-01
1.000000000000000000e+00
8.684888870847828901e-01
6.779333861156429109e-01
7.287527173389467539e-01
6.408561867137947399e-01
9.844252536554984889e-01
8.703733936658886172e-01
6.138318904111863539e-01
6.231190558756776188e-01
6.675521097123586767e-01
8.753812005911880689e-01
6.779333861156429109e-01
6.570297296351303995e-01
8.671402259646563415e-01
6.266425512882116688e-01
6.569165712382776245e-01
9.801417191998433864e-01
6.675521097123586767e-01
6.577455037221231482e-01
1.000000000000000000e+00
9.866891632551861857e-01
6.532072358247955624e-01
6.553779197719957761e-01
6.211480943039426883e-01
6.720360665117370846e-01
7.011050779389997878e-01
6.521410098105642206e-01
7.106366044175178587e-01
9.862444731872379577e-01
8.516739803080026761e-01
9.801417191998433864e-01
6.408561867137947399e-01
7.821723235989783696e-01
5.434119125786485149e-01
9.984068840834394720e-01
6.814526099022024663e-01
6.244167626860164244e-01
9.192899058750614305e-01
6.209344068251982929e-01
6.244167626860164244e-01
8.691241120280008836e-01
6.550163864513720569e-01
6.675521097123586767e-01
7.022156261699219471e-01
6.995220217117399386e-01
1.000000000000000000e+00
1.000000000000000000e+00
6.244167626860164244e-01
7.197706101850054328e-01
7.011050779389997878e-01
6.438337905913411596e-01
8.753812005911880689e-01
7.821723235989783696e-01
5.434119125786485149e-01
9.227225576190969392e-01
6.179111843425106887e-01
9.984068840834394720e-01
9.879338198012330707e-01
9.940709195157040323e-01
9.984068840834394720e-01
5.936803476147123337e-01
6.209344068251982929e-01
9.163444537457596795e-01
6.569165712382776245e-01
9.367745271197047696e-01
9.094010543408757030e-01
1.000000000000000000e+00
6.770453018750399732e-01
5.879996193269925175e-01
8.675387256186093410e-01
6.521410098105642206e-01
6.879304369021197463e-01
6.520271259144778675e-01
6.344005030168025083e-01
8.703352342692733945e-01
8.703733936658886172e-01
6.209344068251982929e-01
7.034008489309493406e-01
6.427599726193371499e-01
6.802822118364715287e-01
6.665700476179303724e-01
6.995220217117399386e-01
7.145288601728863043e-01
1.000000000000000000e+00
6.520271259144778675e-01
6.052576025696085882e-01
9.866891632551861857e-01
8.684888870847828901e-01
6.536886458232813446e-01
6.754802081960420423e-01
6.344005030168025083e-01
6.779333861156429109e-01
6.209344068251982929e-01
6.995220217117399386e-01
9.844252536554984889e-01
6.802822118364715287e-01
5.696076192343459965e-01
6.513372869805209575e-01
6.209344068251982929e-01
9.940709195157040323e-01
6.929132370939850016e-01
8.703352342692733945e-01
6.665700476179303724e-01
9.543314292445148617e-01
6.879304369021197463e-01
6.357294110705640211e-01
9.866891632551861857e-01
6.244167626860164244e-01
6.231190558756776188e-01
4.708656253300713690e-01
8.516739803080026761e-01
5.865185454280053001e-01
7.371917420334974658e-01
8.703352342692733945e-01
7.094118007822745042e-01
9.984068840834394720e-01
9.801417191998433864e-01
6.244167626860164244e-01
7.011050779389997878e-01
7.108084983051892181e-01
4.708656253300713690e-01
9.192899058750614305e-01
9.094010543408757030e-01
6.414278349544371149e-01
6.520271259144778675e-01
8.627907071437168618e-01
6.722432982346102648e-01
6.138318904111863539e-01
6.165707424101252165e-01
7.821723235989783696e-01
9.227225576190969392e-01
9.984068840834394720e-01
7.008586333653343825e-01
8.516739803080026761e-01
6.244167626860164244e-01
7.821723235989783696e-01
9.985819208312138873e-01
6.381909249930051153e-01
6.569165712382776245e-01
6.209344068251982929e-01
6.280980644118476786e-01
8.814458044398796321e-01
7.197706101850054328e-01
8.684888870847828901e-01
1.000000000000000000e+00
6.162314482897746082e-01
1.000000000000000000e+00
6.052576025696085882e-01
9.879338198012330707e-01
5.696076192343459965e-01
6.814526099022024663e-01
6.532072358247955624e-01
6.324925011091322435e-01
6.577455037221231482e-01
8.852083939842019245e-01
6.162314482897746082e-01
5.434119125786485149e-01
6.013739398980506579e-01
4.708656253300713690e-01
6.929132370939850016e-01
6.802822118364715287e-01
9.801417191998433864e-01
6.814526099022024663e-01
9.544473104923387741e-01
8.516739803080026761e-01
6.165707424101252165e-01
6.209344068251982929e-01
9.922108240465272733e-01
8.703352342692733945e-01
6.754802081960420423e-01
7.383753134048254285e-01
7.094118007822745042e-01
1.000000000000000000e+00
6.536886458232813446e-01
7.038056254059041894e-01
6.220995092787522385e-01
7.197706101850054328e-01
6.615887188717954892e-01
6.013739398980506579e-01
6.209344068251982929e-01
9.960470591895029813e-01
6.324925011091322435e-01
6.995220217117399386e-01
4.708656253300713690e-01
9.984068840834394720e-01
9.801417191998433864e-01
9.823250437065143004e-01
5.434119125786485149e-01
6.138318904111863539e-01
8.516739803080026761e-01
7.040815542224370116e-01
1.000000000000000000e+00
9.985819208312138873e-01
8.671402259646563415e-01
9.956506275596852529e-01
7.821723235989783696e-01
8.753812005911880689e-01
6.438337905913411596e-01
6.513372869805209575e-01
5.974926667260747060e-01
9.984068840834394720e-01
7.242322805390752904e-01
9.647354464848516553e-01
9.922108240465272733e-01
9.094010543408757030e-01
9.801417191998433864e-01
8.848668739532905558e-01
7.011050779389997878e-01
6.266425512882116688e-01
6.918635113036104567e-01
9.876723000975538014e-01
9.879338198012330707e-01
1.000000000000000000e+00
6.209344068251982929e-01
8.689008193163352267e-01
6.603417264945206089e-01
8.627907071437168618e-01
9.960470591895029813e-01
6.532072358247955624e-01
6.520271259144778675e-01
1.000000000000000000e+00
7.371917420334974658e-01
8.703733936658886172e-01
1.000000000000000000e+00
6.890973627165957183e-01
1.000000000000000000e+00
6.995220217117399386e-01
6.532072358247955624e-01
7.821723235989783696e-01
8.729747502848117513e-01
9.094010543408757030e-01
6.408561867137947399e-01
6.603417264945206089e-01
7.160140031213315659e-01
9.823250437065143004e-01
9.879338198012330707e-01
1.000000000000000000e+00
9.885598734647482733e-01
9.844252536554984889e-01
6.929132370939850016e-01
6.357294110705640211e-01
6.231190558756776188e-01
8.671402259646563415e-01
9.686093141700151676e-01
6.879304369021197463e-01
6.779333861156429109e-01
9.940709195157040323e-01
9.801417191998433864e-01
8.671402259646563415e-01
6.779333861156429109e-01
7.145288601728863043e-01
5.696076192343459965e-01
7.038056254059041894e-01
6.408561867137947399e-01
6.052576025696085882e-01
9.960470591895029813e-01
4.635739448505860061e-01
8.703352342692733945e-01
5.879996193269925175e-01
6.977672386051088083e-01
6.266425512882116688e-01
5.434119125786485149e-01
7.197706101850054328e-01
8.575437339443883200e-01
9.885598734647482733e-01
1.000000000000000000e+00
9.687843654006091931e-01
7.145288601728863043e-01
4.708656253300713690e-01
6.573377244723970225e-01
6.569165712382776245e-01
6.890973627165957183e-01
7.145288601728863043e-01
6.275067392456217252e-01
9.940709195157040323e-01
9.801417191998433864e-01
6.521410098105642206e-01
9.885598734647482733e-01
6.244167626860164244e-01
8.684888870847828901e-01
8.898210483141024696e-01
6.408561867137947399e-01
7.132216949577800946e-01
6.513372869805209575e-01
8.691241120280008836e-01
9.906245106124382804e-01
6.480403722681411516e-01
9.940709195157040323e-01
7.094118007822745042e-01
6.275067392456217252e-01
6.427599726193371499e-01
7.108084983051892181e-01
5.747452182663941311e-01
6.275067392456217252e-01
6.919225481496908969e-01
6.179111843425106887e-01
6.438337905913411596e-01
6.890973627165957183e-01
9.680210522813776919e-01
6.603417264945206089e-01
1.000000000000000000e+00
6.052576025696085882e-01
9.686093141700151676e-01
9.985819208312138873e-01
7.132216949577800946e-01
6.675521097123586767e-01
4.708656253300713690e-01
6.616245454506750612e-01
6.344005030168025083e-01
6.918635113036104567e-01
6.675521097123586767e-01
6.480403722681411516e-01
6.209344068251982929e-01
5.936803476147123337e-01
9.386473915550017644e-01
7.011050779389997878e-01
9.702569397501628057e-01
6.616245454506750612e-01
6.570297296351303995e-01
5.879996193269925175e-01
4.708656253300713690e-01
6.919225481496908969e-01
8.852083939842019245e-01
6.928608203856401193e-01
9.940709195157040323e-01
6.616245454506750612e-01
6.929132370939850016e-01
6.237695296287828484e-01
9.879338198012330707e-01
6.231190558756776188e-01
9.940709195157040323e-01
6.052576025696085882e-01
9.984068840834394720e-01
6.464589270528999787e-01
6.897833060575786490e-01
6.301430118576676342e-01
9.879338198012330707e-01
7.038056254059041894e-01
9.985819208312138873e-01
6.231190558756776188e-01
6.162314482897746082e-01
6.438337905913411596e-01
9.388115255862112818e-01
6.237695296287828484e-01
7.022156261699219471e-01
1.000000000000000000e+00
9.940709195157040323e-01
9.840423900345267594e-01
7.197706101850054328e-01
9.940709195157040323e-01
9.906245106124382804e-01
9.942379443446853760e-01
8.671402259646563415e-01
6.209344068251982929e-01
6.013739398980506579e-01
6.532072358247955624e-01
1.000000000000000000e+00
6.357294110705640211e-01
9.940709195157040323e-01
6.962196873949724196e-01
6.513372869805209575e-01
6.573377244723970225e-01
6.480403722681411516e-01
6.928608203856401193e-01
6.209344068251982929e-01
7.038056254059041894e-01
8.729747502848117513e-01
6.520271259144778675e-01
6.665978856961962684e-01
9.940709195157040323e-01
6.890973627165957183e-01
7.371917420334974658e-01
6.603417264945206089e-01
6.814526099022024663e-01
9.823250437065143004e-01
9.862444731872379577e-01
9.885598734647482733e-01
8.684888870847828901e-01
7.145288601728863043e-01
9.940709195157040323e-01
9.801417191998433864e-01
8.575437339443883200e-01
9.801417191998433864e-01
1.000000000000000000e+00
6.995220217117399386e-01
4.708656253300713690e-01
6.344005030168025083e-01
9.864063515267926796e-01
9.844252536554984889e-01
6.275067392456217252e-01
6.675521097123586767e-01
6.603417264945206089e-01
5.434119125786485149e-01
9.227225576190969392e-01
1.000000000000000000e+00
5.696076192343459965e-01
1.000000000000000000e+00
6.301430118576676342e-01
9.844252536554984889e-01
9.960470591895029813e-01
8.703352342692733945e-01
6.665978856961962684e-01
6.209344068251982929e-01
6.209344068251982929e-01
6.802822118364715287e-01
7.106366044175178587e-01
7.132216949577800946e-01
9.984068840834394720e-01
6.179111843425106887e-01
6.275067392456217252e-01
6.928608203856401193e-01
6.977672386051088083e-01
1.000000000000000000e+00
8.627907071437168618e-01
6.720360665117370846e-01
9.227225576190969392e-01
6.928608203856401193e-01
6.052576025696085882e-01
9.388115255862112818e-01
6.577455037221231482e-01
6.209344068251982929e-01
9.227225576190969392e-01
6.929132370939850016e-01
6.614005280376555884e-01
6.779333861156429109e-01
6.779333861156429109e-01
8.627907071437168618e-01
9.823250437065143004e-01
6.209344068251982929e-01
6.614005280376555884e-01
9.885598734647482733e-01
6.675521097123586767e-01
1.000000000000000000e+00
1.000000000000000000e+00
8.729747502848117513e-01
6.209344068251982929e-01
6.162314482897746082e-01
5.879996193269925175e-01
6.266425512882116688e-01
6.438337905913411596e-01
1.000000000000000000e+00
8.691241120280008836e-01
9.879338198012330707e-01
7.011050779389997878e-01
9.885598734647482733e-01
6.665978856961962684e-01
8.691241120280008836e-01
6.280980644118476786e-01
9.940709195157040323e-01
6.879304369021197463e-01
9.844252536554984889e-01
0.000000000000000000e+00
9.906245106124382804e-01
9.687843654006091931e-01
7.022156261699219471e-01
6.577455037221231482e-01
7.132216949577800946e-01
9.337330863766954980e-01
6.570297296351303995e-01
9.960470591895029813e-01
6.521410098105642206e-01
4.708656253300713690e-01
6.414278349544371149e-01
8.585018369854431342e-01
5.556434370900957820e-01
9.940709195157040323e-01
7.011050779389997878e-01
9.801417191998433864e-01
6.520271259144778675e-01
6.577455037221231482e-01
6.569165712382776245e-01
6.013739398980506579e-01
6.244167626860164244e-01
9.801417191998433864e-01
6.179111843425106887e-01
6.280980644118476786e-01
4.418263416084545758e-01
9.094010543408757030e-01
9.985819208312138873e-01
1.000000000000000000e+00
8.703352342692733945e-01
4.708656253300713690e-01
9.879338198012330707e-01
9.940709195157040323e-01
6.093550281983528549e-01
9.687843654006091931e-01
5.434119125786485149e-01
4.708656253300713690e-01
9.801417191998433864e-01
9.227225576190969392e-01
7.132216949577800946e-01
6.995220217117399386e-01
7.106366044175178587e-01
6.532072358247955624e-01
6.614005280376555884e-01
6.802822118364715287e-01
7.821723235989783696e-01
6.414278349544371149e-01
9.879338198012330707e-01
9.862444731872379577e-01
6.573377244723970225e-01
6.414278349544371149e-01
9.879338198012330707e-01
8.691241120280008836e-01
6.802822118364715287e-01
9.906245106124382804e-01
9.801417191998433864e-01
9.940709195157040323e-01
6.344005030168025083e-01
8.703733936658886172e-01
6.237695296287828484e-01
9.984068840834394720e-01
6.209344068251982929e-01
9.875104217579990795e-01
6.231190558756776188e-01
5.434119125786485149e-01
7.106366044175178587e-01
8.703733936658886172e-01
7.011050779389997878e-01
7.040815542224370116e-01
6.344005030168025083e-01
6.569165712382776245e-01
8.691241120280008836e-01
9.050956987683305144e-01
9.388115255862112818e-01
7.821723235989783696e-01
7.011050779389997878e-01
6.573377244723970225e-01
1.000000000000000000e+00
6.414278349544371149e-01
8.516739803080026761e-01
9.960470591895029813e-01
7.371917420334974658e-01
7.197706101850054328e-01
6.918635113036104567e-01
6.929132370939850016e-01
6.919225481496908969e-01
1.000000000000000000e+00
6.573377244723970225e-01
9.866891632551861857e-01
1.000000000000000000e+00
6.162314482897746082e-01
4.708656253300713690e-01
6.995220217117399386e-01
6.616245454506750612e-01
7.038056254059041894e-01
8.729747502848117513e-01
9.866891632551861857e-01
9.879338198012330707e-01
4.708656253300713690e-01
6.324925011091322435e-01
8.833697403477422938e-01
8.919669896152686572e-01
5.434119125786485149e-01
7.106366044175178587e-01
6.770453018750399732e-01
6.569165712382776245e-01
6.138318904111863539e-01
6.959127431017948506e-01
6.802822118364715287e-01
7.008586333653343825e-01
4.708656253300713690e-01
8.753812005911880689e-01
8.516739803080026761e-01
6.165707424101252165e-01
7.011050779389997878e-01
9.844252536554984889e-01
9.940709195157040323e-01
9.940709195157040323e-01
7.009677516657644158e-01
6.616245454506750612e-01
7.022156261699219471e-01
6.414278349544371149e-01
6.520271259144778675e-01
6.890973627165957183e-01
9.823250437065143004e-01
1.000000000000000000e+00
1.000000000000000000e+00
9.687843654006091931e-01
1.000000000000000000e+00
9.885598734647482733e-01
6.814526099022024663e-01
6.211480943039426883e-01
6.929132370939850016e-01
6.814526099022024663e-01
6.211480943039426883e-01
9.875104217579990795e-01
7.160140031213315659e-01
9.984068840834394720e-01
9.251441103555475554e-01
1.000000000000000000e+00
6.513372869805209575e-01
9.984068840834394720e-01
6.438337905913411596e-01
4.708656253300713690e-01
5.747452182663941311e-01
6.399346801415917163e-01
6.814526099022024663e-01
7.821723235989783696e-01
6.720360665117370846e-01
6.231190558756776188e-01
6.553779197719957761e-01
6.357294110705640211e-01
9.984068840834394720e-01
6.897833060575786490e-01
6.897833060575786490e-01
6.209344068251982929e-01
9.866891632551861857e-01
6.897833060575786490e-01
6.280980644118476786e-01
6.720360665117370846e-01
9.922108240465272733e-01
9.940709195157040323e-01
9.543314292445148617e-01
9.801417191998433864e-01
8.682472035560322432e-01
6.052576025696085882e-01
9.885598734647482733e-01
1.000000000000000000e+00
6.266425512882116688e-01
6.162314482897746082e-01
9.801417191998433864e-01
6.093550281983528549e-01
6.918635113036104567e-01
7.821723235989783696e-01
5.434119125786485149e-01
6.779333861156429109e-01
6.209344068251982929e-01
9.879338198012330707e-01
7.094118007822745042e-01
4.708656253300713690e-01
6.553779197719957761e-01
6.580959556493619633e-01
6.211480943039426883e-01
7.207930763173771016e-01
9.906245106124382804e-01
8.729747502848117513e-01
9.922108240465272733e-01
6.802822118364715287e-01
9.985819208312138873e-01
7.106366044175178587e-01
6.995220217117399386e-01
6.754802081960420423e-01
7.821723235989783696e-01
9.801417191998433864e-01
5.434119125786485149e-01
7.106366044175178587e-01
7.094118007822745042e-01
9.192899058750614305e-01
9.091988602431995137e-01
6.324925011091322435e-01
6.614005280376555884e-01
6.890973627165957183e-01
1.000000000000000000e+00
6.179111843425106887e-01
9.251441103555475554e-01
9.801417191998433864e-01
8.684888870847828901e-01
7.160140031213315659e-01
6.977672386051088083e-01
6.275067392456217252e-01
9.864063515267926796e-01
9.922108240465272733e-01
8.684888870847828901e-01
9.984068840834394720e-01
4.708656253300713690e-01
6.011616928752159250e-01
9.966804525498844658e-01
7.106366044175178587e-01
6.569165712382776245e-01
6.220995092787522385e-01
7.160140031213315659e-01
9.984068840834394720e-01
9.844252536554984889e-01
5.835760849470839062e-01
6.513372869805209575e-01
6.138318904111863539e-01
8.671402259646563415e-01
6.928608203856401193e-01
6.814526099022024663e-01
6.532072358247955624e-01
8.516739803080026761e-01
8.703352342692733945e-01
6.220995092787522385e-01
6.995220217117399386e-01
9.984068840834394720e-01
6.929132370939850016e-01
8.627907071437168618e-01
6.814526099022024663e-01
9.801417191998433864e-01
9.985819208312138873e-01
9.801417191998433864e-01
6.013739398980506579e-01
9.960470591895029813e-01
6.209344068251982929e-01
8.703733936658886172e-01
6.615887188717954892e-01
9.388115255862112818e-01
8.703352342692733945e-01
6.344005030168025083e-01
6.569165712382776245e-01
6.879304369021197463e-01
6.977672386051088083e-01
7.145288601728863043e-01
6.013739398980506579e-01
8.691241120280008836e-01
9.801417191998433864e-01
9.543314292445148617e-01
9.940709195157040323e-01
6.417560522736036610e-01
6.244167626860164244e-01
8.671402259646563415e-01
7.011050779389997878e-01
6.280980644118476786e-01
5.865185454280053001e-01
6.266425512882116688e-01
6.919225481496908969e-01
6.438337905913411596e-01
9.885598734647482733e-01
9.251441103555475554e-01
9.922108240465272733e-01
6.427599726193371499e-01
9.801417191998433864e-01
9.984068840834394720e-01
9.879338198012330707e-01
1.000000000000000000e+00
9.094010543408757030e-01
7.132216949577800946e-01
6.989981159913964959e-01
9.801417191998433864e-01
6.440930966752267395e-01
7.371917420334974658e-01
7.106366044175178587e-01
8.682472035560322432e-01
6.919225481496908969e-01
6.165707424101252165e-01
6.616245454506750612e-01
6.220995092787522385e-01
8.703352342692733945e-01
6.919225481496908969e-01
6.977672386051088083e-01
9.875104217579990795e-01
8.703352342692733945e-01
6.275067392456217252e-01
7.106366044175178587e-01
9.876723000975538014e-01
6.928608203856401193e-01
7.160140031213315659e-01
6.438337905913411596e-01
8.703733936658886172e-01
1.000000000000000000e+00
8.703352342692733945e-01
6.615887188717954892e-01
9.687843654006091931e-01
6.995220217117399386e-01
9.801417191998433864e-01
9.844252536554984889e-01
5.865185454280053001e-01
6.301430118576676342e-01
6.977672386051088083e-01
6.802822118364715287e-01
7.011050779389997878e-01
1.000000000000000000e+00
7.011050779389997878e-01
9.934166855358508297e-01
8.575437339443883200e-01
9.680210522813776919e-01
9.801417191998433864e-01
6.521410098105642206e-01
4.708656253300713690e-01
5.434119125786485149e-01
6.802822118364715287e-01
6.614005280376555884e-01
9.906245106124382804e-01
6.220995092787522385e-01
6.052576025696085882e-01
6.520271259144778675e-01
6.814526099022024663e-01
4.708656253300713690e-01
6.357294110705640211e-01
6.919225481496908969e-01
4.708656253300713690e-01
9.357575971361393741e-01
9.801417191998433864e-01
9.192899058750614305e-01
5.865185454280053001e-01
9.207343232668370181e-01
6.357294110705640211e-01
6.414278349544371149e-01
1.000000000000000000e+00
8.691241120280008836e-01
6.513372869805209575e-01
9.984068840834394720e-01
9.862444731872379577e-01
6.231190558756776188e-01
6.959127431017948506e-01
6.814526099022024663e-01
9.896994203957116820e-01
9.906245106124382804e-01
9.084607413433150036e-01
5.434119125786485149e-01
4.708656253300713690e-01
6.532072358247955624e-01
6.897833060575786490e-01
4.708656253300713690e-01
6.209344068251982929e-01
9.844252536554984889e-01
8.575437339443883200e-01
8.703352342692733945e-01
5.747452182663941311e-01
6.779333861156429109e-01
5.936803476147123337e-01
6.344005030168025083e-01
4.708656253300713690e-01
9.251441103555475554e-01
6.179111843425106887e-01
5.865185454280053001e-01
6.532072358247955624e-01
9.801417191998433864e-01
6.616245454506750612e-01
6.209344068251982929e-01
5.434119125786485149e-01
6.231190558756776188e-01
6.266425512882116688e-01
4.708656253300713690e-01
6.138318904111863539e-01
9.984068840834394720e-01
6.770453018750399732e-01
6.614005280376555884e-01
6.553779197719957761e-01
6.675521097123586767e-01
4.708656253300713690e-01
7.160140031213315659e-01
6.614005280376555884e-01
6.615887188717954892e-01
6.231190558756776188e-01
9.227225576190969392e-01
6.919225481496908969e-01
7.094118007822745042e-01
6.720360665117370846e-01
9.984068840834394720e-01
9.960470591895029813e-01
6.093550281983528549e-01
7.106366044175178587e-01
7.106366044175178587e-01
4.708656253300713690e-01
7.094118007822745042e-01
9.960470591895029813e-01
7.011050779389997878e-01
9.801417191998433864e-01
9.879338198012330707e-01
9.960470591895029813e-01
6.928608203856401193e-01
9.680210522813776919e-01
6.570297296351303995e-01
8.729747502848117513e-01
9.844252536554984889e-01
6.722432982346102648e-01
7.011050779389997878e-01
9.922108240465272733e-01
7.371917420334974658e-01
9.879338198012330707e-01
6.962196873949724196e-01
8.684888870847828901e-01
6.603417264945206089e-01
9.879338198012330707e-01
9.885598734647482733e-01
6.093550281983528549e-01
1.000000000000000000e+00
7.821723235989783696e-01
9.801417191998433864e-01
6.520271259144778675e-01
7.011050779389997878e-01
4.708656253300713690e-01
6.989981159913964959e-01
9.801417191998433864e-01
6.357294110705640211e-01
6.890973627165957183e-01
1.000000000000000000e+00
9.844252536554984889e-01
7.022156261699219471e-01
6.011616928752159250e-01
6.573377244723970225e-01
8.516739803080026761e-01
8.684888870847828901e-01
9.960470591895029813e-01
9.960470591895029813e-01
1.000000000000000000e+00
9.940709195157040323e-01
9.227225576190969392e-01
8.684888870847828901e-01
7.197706101850054328e-01
6.209344068251982929e-01
8.689008193163352267e-01
6.570297296351303995e-01
5.747452182663941311e-01
6.995220217117399386e-01
