4.233187008227723425e-02
3.889792684576320880e-02
3.889792684576320880e-02
3.997480194904845519e-02
7.027345376967453205e-02
7.864529951551624265e-02
1.043861188684562791e-01
1.180846525845105077e-01
1.534570607579528456e-01
4.233187008227723425e-02
8.972861251705133157e-02
6.145137696207569888e-02
3.889792684576320880e-02
3.889792684576320880e-02
1.436214079313113956e-01
3.406932440878129853e-02
3.370953232233198094e-02
6.736834358506804676e-02
3.889792684576320880e-02
4.233187008227723425e-02
6.986180779333572843e-02
8.992179370138231320e-02
3.889792684576320880e-02
4.033459403549954914e-02
8.183266875214201264e-02
3.520061456724299376e-02
1.603869696802799893e-01
3.443592631736791532e-02
1.082302011909863637e-01
3.889792684576320880e-02
3.853813475931389121e-02
4.233187008227723425e-02
1.436214079313113956e-01
3.889792684576320880e-02
6.016630484851503979e-02
4.233187008227723425e-02
1.643543101450664068e-01
6.318013832706448341e-02
6.488532019859150068e-02
1.436214079313113956e-01
1.189391642475747801e-01
3.889792684576320880e-02
4.233187008227723425e-02
4.233187008227723425e-02
3.775221033234110735e-02
3.889792684576320880e-02
1.075362961626264990e-01
1.436214079313113956e-01
3.775221033234110735e-02
1.428557892368687021e-01
6.245842246407740106e-02
1.075362961626264990e-01
4.233187008227723425e-02
6.736834358506804676e-02
1.075362961626264990e-01
1.698616685149403338e-01
4.233187008227723425e-02
1.075362961626264990e-01
1.605883162729853098e-01
7.933920454387433097e-02
5.947239982015695148e-02
7.933920454387433097e-02
3.370953232233198094e-02
6.145137696207569888e-02
1.584427677309498961e-01
1.643543101450664068e-01
6.736834358506804676e-02
1.357245337218344616e-01
1.672995297179369345e-01
5.947239982015695148e-02
6.899888904292339475e-02
1.428557892368687021e-01
3.406932440878129853e-02
4.233187008227723425e-02
1.643543101450664068e-01
1.751964039274120921e-01
6.016630484851503979e-02
6.145137696207569888e-02
1.075362961626264990e-01
8.654124328042556158e-02
1.532557141652475252e-01
3.406932440878129853e-02
1.751964039274120921e-01
2.799857583069176314e-02
6.265976905678449782e-02
8.252657378050187731e-02
6.736834358506804676e-02
4.233187008227723425e-02
1.075362961626264990e-01
3.889792684576320880e-02
4.545529064773212724e-02
6.252825206536272162e-02
3.169588810921197819e-02
1.699243103538741195e-01
4.233187008227723425e-02
6.736834358506804676e-02
5.947239982015695148e-02
1.069583871310832990e-01
3.853813475931389121e-02
3.853813475931389121e-02
1.075362961626264990e-01
1.364901524162771551e-01
5.947239982015695148e-02
4.233187008227723425e-02
1.775320584442834360e-01
4.233187008227723425e-02
6.252825206536272162e-02
1.075362961626264990e-01
1.436214079313113956e-01
1.428557892368687021e-01
4.233187008227723425e-02
3.775221033234110735e-02
1.428557892368687021e-01
1.652078927604776482e-01
5.947239982015695148e-02
3.997480194904845519e-02
6.252825206536272162e-02
3.889792684576320880e-02
1.075362961626264990e-01
1.083019148570691925e-01
4.233187008227723425e-02
3.889792684576320880e-02
1.260704197626090206e-01
1.362888058235718347e-01
6.145137696207569888e-02
1.751964039274120921e-01
8.183266875214201264e-02
7.933920454387433097e-02
1.751964039274120921e-01
3.443592631736791532e-02
1.655740232459823602e-01
4.233187008227723425e-02
1.749950573347067717e-01
8.654124328042556158e-02
1.560366825723900064e-01
1.082302011909863637e-01
4.233187008227723425e-02
1.124381705500852036e-01
6.288804415181203922e-02
4.233187008227723425e-02
4.233187008227723425e-02
1.307836513072988538e-01
5.947239982015695148e-02
6.899888904292339475e-02
3.889792684576320880e-02
8.252657378050187731e-02
3.512983134572600363e-02
3.889792684576320880e-02
3.370953232233198094e-02
7.864529951551624265e-02
1.428557892368687021e-01
1.428557892368687021e-01
3.635761576301987930e-02
3.889792684576320880e-02
3.406932440878129853e-02
6.288804415181203922e-02
1.260704197626090206e-01
6.736834358506804676e-02
3.889792684576320880e-02
3.889792684576320880e-02
3.889792684576320880e-02
1.075362961626264990e-01
1.428557892368687021e-01
1.075362961626264990e-01
6.318013832706448341e-02
3.889792684576320880e-02
3.512983134572600363e-02
4.233187008227723425e-02
6.736834358506804676e-02
1.428557892368687021e-01
1.641529635523628627e-01
1.643543101450664068e-01
7.933920454387433097e-02
6.265976905678449782e-02
3.906191630759714428e-02
1.260704197626090206e-01
3.899266667558620725e-02
1.428557892368687021e-01
6.252825206536272162e-02
1.428557892368687021e-01
6.736834358506804676e-02
3.997480194904845519e-02
8.972861251705133157e-02
4.772000365336204197e-02
8.183266875214201264e-02
3.512983134572600363e-02
6.736834358506804676e-02
8.972861251705133157e-02
3.370953232233198094e-02
1.643543101450664068e-01
5.109486075441793673e-02
6.488532019859150068e-02
1.434200613386060752e-01
8.654124328042556158e-02
4.233187008227723425e-02
1.562380291650953268e-01
3.889792684576320880e-02
1.751964039274120921e-01
6.318013832706448341e-02
4.233187008227723425e-02
3.512983134572600363e-02
7.027345376967453205e-02
3.775221033234110735e-02
4.233187008227723425e-02
1.655740232459823602e-01
1.622087616030309931e-01
1.751964039274120921e-01
1.428557892368687021e-01
3.889792684576320880e-02
7.864529951551624265e-02
3.169588810921197819e-02
5.947239982015695148e-02
4.026689612430267573e-02
8.252657378050187731e-02
6.245900243335356095e-02
3.315643876732821127e-02
1.147383348991795060e-01
1.678638018196743076e-01
8.183266875214201264e-02
6.736834358506804676e-02
4.545529064773212724e-02
3.889792684576320880e-02
5.947239982015695148e-02
4.233187008227723425e-02
1.075362961626264990e-01
6.288804415181203922e-02
3.889792684576320880e-02
6.318013832706448341e-02
7.864529951551624265e-02
1.436214079313113956e-01
5.947239982015695148e-02
1.075362961626264990e-01
8.183266875214201264e-02
3.406932440878129853e-02
1.751964039274120921e-01
7.470141323710777215e-02
4.260985286161655949e-02
1.751964039274120921e-01
4.233187008227723425e-02
6.736834358506804676e-02
1.751964039274120921e-01
6.288804415181203922e-02
3.889792684576320880e-02
5.947239982015695148e-02
3.140687924427965072e-02
1.782976771387279058e-01
4.233187008227723425e-02
7.055571282169381675e-02
1.643543101450664068e-01
4.233187008227723425e-02
6.516330297792904958e-02
1.428557892368687021e-01
3.997480194904845519e-02
3.443592631736791532e-02
1.075362961626264990e-01
3.635761576301987930e-02
4.233187008227723425e-02
6.736834358506804676e-02
1.640978079475932105e-01
3.889792684576320880e-02
8.992179370138231320e-02
1.220404374588905938e-01
3.889792684576320880e-02
4.233187008227723425e-02
1.428557892368687021e-01
1.428557892368687021e-01
4.233187008227723425e-02
6.252825206536272162e-02
1.560366825723900064e-01
7.851475195934831675e-02
3.889792684576320880e-02
7.864529951551624265e-02
1.258064313309699145e-01
1.260704197626090206e-01
1.680651484123796280e-01
3.889792684576320880e-02
8.183266875214201264e-02
4.233187008227723425e-02
6.516330297792904958e-02
5.947239982015695148e-02
7.864529951551624265e-02
1.189391642475747801e-01
3.889792684576320880e-02
1.075362961626264990e-01
1.050428319543605937e-01
6.488532019859150068e-02
4.233187008227723425e-02
1.749950573347067717e-01
1.967828887565801210e-01
9.310916293800630683e-02
7.055571282169381675e-02
4.233187008227723425e-02
8.183266875214201264e-02
4.118011704379220816e-02
5.947239982015695148e-02
3.406932440878129853e-02
1.643543101450664068e-01
6.488532019859150068e-02
6.736834358506804676e-02
3.853813475931389121e-02
5.947239982015695148e-02
1.075362961626264990e-01
2.602518325229574714e-02
1.075362961626264990e-01
4.163796505392092229e-02
1.050800238968143674e-01
7.933920454387433097e-02
3.889792684576320880e-02
6.016630484851503979e-02
1.436214079313113956e-01
8.654124328042556158e-02
2.456463259417773770e-02
3.279664668087889368e-02
5.947239982015695148e-02
4.233187008227723425e-02
1.260704197626090206e-01
1.605883162729853098e-01
4.233187008227723425e-02
1.075362961626264990e-01
3.997480194904845519e-02
3.406932440878129853e-02
3.889792684576320880e-02
3.889792684576320880e-02
3.485524883575585875e-02
1.075362961626264990e-01
3.512983134572600363e-02
6.736834358506804676e-02
6.736834358506804676e-02
1.075362961626264990e-01
4.233187008227723425e-02
4.233187008227723425e-02
4.233187008227723425e-02
5.776849103851589007e-02
4.233187008227723425e-02
3.853813475931389121e-02
1.428557892368687021e-01
3.775221033234110735e-02
3.889792684576320880e-02
8.183266875214201264e-02
1.075362961626264990e-01
1.436214079313113956e-01
5.552851354175025733e-02
3.761400982778084767e-02
3.889792684576320880e-02
1.643543101450664068e-01
1.436214079313113956e-01
3.889792684576320880e-02
3.889792684576320880e-02
3.889792684576320880e-02
3.512983134572600363e-02
4.233187008227723425e-02
1.075362961626264990e-01
1.075362961626264990e-01
5.947239982015695148e-02
4.233187008227723425e-02
1.751964039274120921e-01
3.853813475931389121e-02
1.751964039274120921e-01
1.584427677309498961e-01
3.889792684576320880e-02
1.534570607579528456e-01
1.751964039274120921e-01
7.027345376967453205e-02
4.233187008227723425e-02
3.775221033234110735e-02
1.847337446010062223e-01
8.183266875214201264e-02
3.889792684576320880e-02
6.252825206536272162e-02
4.233187008227723425e-02
1.075362961626264990e-01
5.947239982015695148e-02
4.233187008227723425e-02
3.889792684576320880e-02
5.776849103851589007e-02
3.853813475931389121e-02
2.730467080233367483e-02
3.889792684576320880e-02
1.004050406475940349e-01
4.163796505392092229e-02
8.992179370138231320e-02
4.233187008227723425e-02
6.488532019859150068e-02
4.233187008227723425e-02
1.075362961626264990e-01
1.075362961626264990e-01
8.183266875214201264e-02
6.736834358506804676e-02
4.233187008227723425e-02
6.736834358506804676e-02
3.635761576301987930e-02
4.233187008227723425e-02
1.643543101450664068e-01
3.889792684576320880e-02
8.972861251705133157e-02
3.889792684576320880e-02
4.233187008227723425e-02
4.233187008227723425e-02
5.776849103851589007e-02
6.800874076404639368e-02
3.889792684576320880e-02
5.947239982015695148e-02
6.265976905678449782e-02
6.736834358506804676e-02
1.436214079313113956e-01
4.233187008227723425e-02
8.183266875214201264e-02
1.362888058235718347e-01
3.853813475931389121e-02
7.255605296257527925e-02
3.889792684576320880e-02
4.233187008227723425e-02
4.233187008227723425e-02
3.997480194904845519e-02
4.033459403549954914e-02
6.252825206536272162e-02
1.078521238581640063e-01
3.512983134572600363e-02
1.189391642475747801e-01
8.183266875214201264e-02
1.075362961626264990e-01
2.456463259417773770e-02
1.751964039274120921e-01
8.183266875214201264e-02
3.889792684576320880e-02
8.183266875214201264e-02
3.853813475931389121e-02
3.889792684576320880e-02
3.853813475931389121e-02
7.055571282169381675e-02
3.997480194904845519e-02
3.889792684576320880e-02
6.145137696207569888e-02
1.749950573347067717e-01
3.889792684576320880e-02
4.233187008227723425e-02
1.436214079313113956e-01
7.864529951551624265e-02
1.428557892368687021e-01
1.075362961626264990e-01
4.233187008227723425e-02
1.428557892368687021e-01
3.889792684576320880e-02
4.233187008227723425e-02
1.436214079313113956e-01
1.428557892368687021e-01
5.947239982015695148e-02
4.233187008227723425e-02
1.680651484123796280e-01
7.933920454387433097e-02
3.635761576301987930e-02
1.744307852329711750e-01
6.736834358506804676e-02
3.443592631736791532e-02
6.145137696207569888e-02
4.233187008227723425e-02
6.488532019859150068e-02
1.436214079313113956e-01
1.075362961626264990e-01
4.545529064773212724e-02
6.252825206536272162e-02
1.189391642475747801e-01
1.428557892368687021e-01
1.043489269260025054e-01
4.233187008227723425e-02
4.233187008227723425e-02
4.233187008227723425e-02
8.239694085387938571e-02
3.406932440878129853e-02
8.972861251705133157e-02
3.889792684576320880e-02
4.233187008227723425e-02
5.947239982015695148e-02
8.654124328042556158e-02
1.075362961626264990e-01
8.992179370138231320e-02
6.899888904292339475e-02
6.736834358506804676e-02
3.889792684576320880e-02
4.233187008227723425e-02
3.889792684576320880e-02
4.233187008227723425e-02
1.043489269260025054e-01
8.183266875214201264e-02
2.456463259417773770e-02
8.183266875214201264e-02
1.075362961626264990e-01
1.532557141652475252e-01
5.947239982015695148e-02
3.889792684576320880e-02
3.889792684576320880e-02
3.889792684576320880e-02
3.889792684576320880e-02
6.784445691580209825e-02
8.183266875214201264e-02
8.183266875214201264e-02
3.315643876732821127e-02
1.655740232459823602e-01
6.800874076404639368e-02
3.889792684576320880e-02
7.933920454387433097e-02
6.899888904292339475e-02
1.357245337218344616e-01
6.516330297792904958e-02
3.100198308085211352e-02
6.736834358506804676e-02
4.233187008227723425e-02
1.680651484123796280e-01
3.906191630759714428e-02
1.751964039274120921e-01
1.603869696802799893e-01
1.712290634626256747e-01
6.736834358506804676e-02
1.147383348991795060e-01
4.233187008227723425e-02
6.145137696207569888e-02
1.189391642475747801e-01
6.667443855670818209e-02
3.889792684576320880e-02
8.183266875214201264e-02
5.947239982015695148e-02
5.947239982015695148e-02
5.947239982015695148e-02
3.889792684576320880e-02
6.736834358506804676e-02
1.075362961626264990e-01
4.233187008227723425e-02
3.889792684576320880e-02
1.075362961626264990e-01
6.016630484851503979e-02
3.997480194904845519e-02
1.749950573347067717e-01
6.736834358506804676e-02
1.428557892368687021e-01
3.169588810921197819e-02
6.145137696207569888e-02
8.252657378050187731e-02
3.997480194904845519e-02
1.075362961626264990e-01
3.485524883575585875e-02
6.667443855670818209e-02
4.983824391340796467e-02
4.033459403549954914e-02
4.233187008227723425e-02
4.026689612430267573e-02
4.233187008227723425e-02
8.252657378050187731e-02
1.693400171180634572e-01
3.443592631736791532e-02
1.082302011909863637e-01
3.406932440878129853e-02
6.265976905678449782e-02
1.075362961626264990e-01
1.584427677309498961e-01
1.109533970694762672e-01
8.654124328042556158e-02
6.265976905678449782e-02
1.075362961626264990e-01
4.233187008227723425e-02
6.736834358506804676e-02
3.889792684576320880e-02
1.364901524162771551e-01
1.075362961626264990e-01
3.906191630759714428e-02
6.736834358506804676e-02
8.271975496482930623e-02
1.428557892368687021e-01
5.947239982015695148e-02
1.655740232459823602e-01
6.899888904292339475e-02
7.864529951551624265e-02
8.183266875214201264e-02
1.782976771387279058e-01
1.189391642475747801e-01
6.736834358506804676e-02
4.062668821075021697e-02
3.370953232233198094e-02
6.667443855670818209e-02
1.712290634626256747e-01
6.736834358506804676e-02
8.183266875214201264e-02
4.233187008227723425e-02
7.055571282169381675e-02
3.889792684576320880e-02
3.279664668087889368e-02
3.889792684576320880e-02
1.075362961626264990e-01
3.889792684576320880e-02
1.428557892368687021e-01
6.252825206536272162e-02
3.406932440878129853e-02
6.016630484851503979e-02
1.411360884368999535e-01
4.233187008227723425e-02
5.947239982015695148e-02
4.233187008227723425e-02
8.183266875214201264e-02
3.443592631736791532e-02
7.864529951551624265e-02
1.122448706909118243e-01
5.171971300549316197e-02
6.667443855670818209e-02
1.751964039274120921e-01
7.864529951551624265e-02
3.169588810921197819e-02
1.357245337218344616e-01
3.889792684576320880e-02
3.635761576301987930e-02
6.252825206536272162e-02
4.233187008227723425e-02
3.775221033234110735e-02
8.183266875214201264e-02
1.043489269260025054e-01
3.889792684576320880e-02
1.436214079313113956e-01
1.075362961626264990e-01
6.516330297792904958e-02
1.641529635523628627e-01
1.643543101450664068e-01
1.428557892368687021e-01
1.357245337218344616e-01
6.252825206536272162e-02
4.233187008227723425e-02
6.736834358506804676e-02
4.233187008227723425e-02
5.947239982015695148e-02
3.450670953888490544e-02
8.183266875214201264e-02
1.751964039274120921e-01
4.233187008227723425e-02
3.889792684576320880e-02
6.145137696207569888e-02
1.436214079313113956e-01
3.406932440878129853e-02
1.751964039274120921e-01
1.428557892368687021e-01
4.233187008227723425e-02
4.233187008227723425e-02
1.603869696802799893e-01
8.183266875214201264e-02
3.997480194904845519e-02
1.751964039274120921e-01
6.145137696207569888e-02
8.183266875214201264e-02
6.552309506438014353e-02
1.641529635523628627e-01
5.947239982015695148e-02
7.470141323710777215e-02
1.641529635523628627e-01
1.075362961626264990e-01
3.521504092220162363e-02
7.933920454387433097e-02
5.947239982015695148e-02
6.318013832706448341e-02
1.050428319543605937e-01
6.686302425062251586e-02
7.864529951551624265e-02
1.260704197626090206e-01
1.584427677309498961e-01
6.736834358506804676e-02
8.183266875214201264e-02
1.075362961626264990e-01
6.288804415181203922e-02
1.655740232459823602e-01
8.183266875214201264e-02
3.899266667558620725e-02
5.947239982015695148e-02
1.751964039274120921e-01
1.436214079313113956e-01
4.509549856128458600e-02
3.889792684576320880e-02
1.655740232459823602e-01
3.889792684576320880e-02
1.678638018196743076e-01
1.357245337218344616e-01
6.736834358506804676e-02
8.183266875214201264e-02
3.889792684576320880e-02
6.145137696207569888e-02
1.641529635523628627e-01
4.233187008227723425e-02
1.643543101450664068e-01
4.233187008227723425e-02
5.947239982015695148e-02
6.736834358506804676e-02
4.163796505392092229e-02
8.992179370138231320e-02
3.443592631736791532e-02
3.775221033234110735e-02
3.889792684576320880e-02
3.512983134572600363e-02
1.075362961626264990e-01
6.736834358506804676e-02
4.233187008227723425e-02
8.183266875214201264e-02
7.055571282169381675e-02
1.436214079313113956e-01
6.736834358506804676e-02
4.233187008227723425e-02
4.233187008227723425e-02
1.043489269260025054e-01
8.252657378050187731e-02
3.889792684576320880e-02
4.233187008227723425e-02
8.183266875214201264e-02
8.252657378050187731e-02
1.572230546300339427e-01
1.075362961626264990e-01
1.655740232459823602e-01
7.864529951551624265e-02
3.899266667558620725e-02
6.736834358506804676e-02
3.889792684576320880e-02
3.889792684576320880e-02
7.933920454387433097e-02
5.947239982015695148e-02
3.889792684576320880e-02
1.075362961626264990e-01
4.233187008227723425e-02
5.234114430512448735e-02
3.994990355933047965e-02
6.265976905678449782e-02
4.233187008227723425e-02
1.436214079313113956e-01
1.603869696802799893e-01
3.997480194904845519e-02
8.992179370138231320e-02
3.889792684576320880e-02
4.233187008227723425e-02
8.183266875214201264e-02
1.075362961626264990e-01
3.512983134572600363e-02
3.889792684576320880e-02
1.082302011909863637e-01
3.889792684576320880e-02
7.864529951551624265e-02
4.233187008227723425e-02
6.736834358506804676e-02
6.516330297792904958e-02
1.436214079313113956e-01
8.252657378050187731e-02
6.516330297792904958e-02
3.169588810921197819e-02
7.864529951551624265e-02
1.083019148570691925e-01
4.233187008227723425e-02
6.800874076404639368e-02
6.016630484851503979e-02
4.233187008227723425e-02
1.744307852329711750e-01
4.026689612430267573e-02
3.889792684576320880e-02
3.997480194904845519e-02
5.947239982015695148e-02
3.315643876732821127e-02
6.245900243335356095e-02
6.252825206536272162e-02
5.994586836220427983e-02
6.488532019859150068e-02
3.889792684576320880e-02
1.075362961626264990e-01
3.889792684576320880e-02
3.889792684576320880e-02
1.428557892368687021e-01
1.428557892368687021e-01
1.189391642475747801e-01
5.947239982015695148e-02
3.889792684576320880e-02
1.189391642475747801e-01
3.279664668087889368e-02
1.075362961626264990e-01
1.428557892368687021e-01
4.026689612430267573e-02
4.233187008227723425e-02
4.033459403549954914e-02
4.233187008227723425e-02
5.947239982015695148e-02
1.149833793731964704e-01
5.947239982015695148e-02
7.470141323710777215e-02
1.357245337218344616e-01
3.250455250562822584e-02
5.947239982015695148e-02
1.075362961626264990e-01
4.233187008227723425e-02
3.889792684576320880e-02
7.151404400048377852e-02
3.889792684576320880e-02
1.436214079313113956e-01
1.572230546300339427e-01
8.183266875214201264e-02
7.864529951551624265e-02
1.075362961626264990e-01
1.751964039274120921e-01
1.075362961626264990e-01
4.233187008227723425e-02
3.906191630759714428e-02
6.736834358506804676e-02
3.889792684576320880e-02
1.189391642475747801e-01
1.260704197626090206e-01
1.075362961626264990e-01
6.016630484851503979e-02
3.370953232233198094e-02
1.686752964572963975e-01
4.233187008227723425e-02
1.357245337218344616e-01
3.406932440878129853e-02
2.456463259417773770e-02
4.233187008227723425e-02
5.947239982015695148e-02
5.947239982015695148e-02
3.997480194904845519e-02
1.075362961626264990e-01
6.016630484851503979e-02
6.771664658879394949e-02
3.889792684576320880e-02
1.075362961626264990e-01
1.751964039274120921e-01
3.635761576301987930e-02
6.318013832706448341e-02
6.736834358506804676e-02
6.736834358506804676e-02
6.252825206536272162e-02
6.516330297792904958e-02
1.075362961626264990e-01
3.889792684576320880e-02
1.075362961626264990e-01
1.641529635523628627e-01
1.751964039274120921e-01
4.233187008227723425e-02
1.075362961626264990e-01
4.233187008227723425e-02
1.109533970694762672e-01
4.233187008227723425e-02
6.488532019859150068e-02
3.997480194904845519e-02
4.233187008227723425e-02
6.516330297792904958e-02
8.972861251705133157e-02
6.145137696207569888e-02
8.654124328042556158e-02
6.516330297792904958e-02
4.233187008227723425e-02
6.736834358506804676e-02
3.997480194904845519e-02
7.864529951551624265e-02
1.643543101450664068e-01
1.004050406475940349e-01
3.889792684576320880e-02
7.206298167394997733e-02
4.033459403549954914e-02
1.082302011909863637e-01
4.233187008227723425e-02
6.516330297792904958e-02
1.751964039274120921e-01
1.643543101450664068e-01
1.075362961626264990e-01
7.933920454387433097e-02
1.603869696802799893e-01
3.406932440878129853e-02
6.488532019859150068e-02
3.512983134572600363e-02
3.906191630759714428e-02
1.220404374588905938e-01
1.782976771387279058e-01
3.889792684576320880e-02
4.233187008227723425e-02
3.889792684576320880e-02
1.260704197626090206e-01
1.742294386402658546e-01
1.075362961626264990e-01
6.516330297792904958e-02
3.889792684576320880e-02
3.906191630759714428e-02
3.889792684576320880e-02
3.250455250562822584e-02
3.889792684576320880e-02
1.043861188684562791e-01
3.775221033234110735e-02
1.189391642475747801e-01
3.889792684576320880e-02
3.512983134572600363e-02
1.751964039274120921e-01
1.428557892368687021e-01
4.233187008227723425e-02
1.436214079313113956e-01
8.183266875214201264e-02
7.864529951551624265e-02
1.738916508186623133e-01
4.233187008227723425e-02
1.075362961626264990e-01
3.406932440878129853e-02
7.470141323710777215e-02
